10111111001100100,00011111110101001,01001111001001111,01100111010111100,01110011111000101,01111001001111001,01111100010100111,10000001100110111,11001000111101100,11011011010010010,00101101111010010,01010110101110010,10010100011011101,11110101100001010,00111010100011110,10100010011101011,11101110100010001
01101011101000110,01101100110110101,01110111011010001,11010101101110100,10001001111011001,11100101000011110,11100110111101000,11110001110100011,00010100111001111,01000111100111011,10001111010100110,11011010000001101,10111110100010010,10100010001110111,01011000011111010,00110011110111100,00111101001101001
10100011011011100,01110010110100110,00010111101010011,00111001100011101,11111010000010011,01101001111000011,01111111001101000,10001011100101010,11100101100110000,01001111010110101,11010001001101111,10101110101100101,10111101010000110,11010110110001001,00100100010111011,10011000111110000,01001100101011110
01100010101111010,00100001011110101,00111000101000111,10010110011010110,01001100110110011,01010101000101011,11101111000100110,11011011001010001,10110010110100001,10100101100011011,00011111100111100,11000100101101101,00101110011001001,11111000010011100,10001001111101010,01110101111000000,01000011110001111
11100101010100101,01010010010010111,11000011111100010,00110101011111010,01101000110101011,01001100111010100,10101010001110001,01010001101101101,11011110000101000,10011001110010001,01100111100011001,10000100100111111,11110100101000011,10110010111001100,11101001000011110,00001111011001111,00111111100100110
10100011011011100,01110010110100110,00010111101010011,00111001100111101,11101010000011011,01101001111000001,01111111001101000,10001011110101010,11100101100110000,01001111010110101,11000001001101111,10101110101100101,10111101010000110,11010100110001001,00100100011111011,11011000011110000,01001100101011110
10100011011011100,01110010110100110,00010111101010011,00111001100111101,11101010000010011,01101001111000001,01111111001101000,10001011110101010,11100101100110000,01001111010110101,11010001001101111,10101110101100101,10111101010000110,11010110110001001,00100100011111011,10011000011110000,01001100101011110
00111000101111001,11011100001001100,01001110111100010,00010101001110111,11011011100010011,01110010011001011,11100110100100101,00010011110101100,10101111000101010,00001110010011101,10101001111000111,01101011001010100,10110110111010000,11111000010110110,11000001011111001,01111101010000001,01100101100011110
10100011011011100,01110010110100110,00010111101010011,00111001100111101,11111010000010011,01101001111000001,01111111001101000,10001011110101010,11100101100110000,01001111010110101,11010001001100111,10101110101100101,10111101010000110,11010100110001001,00100100011111011,10011000111110000,01001100101011110
11100101010100101,01010010010110111,11000011111100010,00110101011111010,01101000110101011,01001100111010100,10101010001110001,01011001101101101,11011110010101000,10011001110010001,01100111100011001,10000100100111111,11110100001000011,10110010111001100,11101001000011110,00001111011001111,00111111100100110
11100101010100101,01010010010010111,11000011111100010,00110101011111010,01101000110101011,01001100111110100,10101010001110001,01010001001101101,11011110010101000,10011001110010001,01100111100011001,10000100100111111,11111100101000011,10110010111001100,11101001000011110,00001111011001111,00111111100100110
11100101010100101,01010010010010111,11000011101100010,00110101011111010,01101000110101011,01001100111010100,10101010001110001,01011001001101101,11011110010101000,10011001110010001,01100111100011001,10000100100111111,11111100001000011,10110010111001100,11101001000011110,00001111011001111,00111111100100110
11100101010100101,01010010010010111,11000011111100010,00110101011111010,01101000110101011,01001100111110100,10101010001110001,01010001101101101,11011110000101000,10011001110010001,01100111100011001,10000100100111111,11111100101000011,10110010111001100,11101001000011110,00001111011001111,00111111100100110
10100011011011100,01110010110100110,00010111101010011,00111001100111101,11111010000010011,01101001111000001,01111111001101000,10001011110101010,11100101100110000,01001111010110101,11010001001101111,10101110101100101,10111101010000110,11010110110001001,00100100011111011,10011000111110000,01001100101011110
10100011011011100,01110010110100110,00010111101010011,00111001100111101,11101010000010011,01101001111000001,01111111001101000,10001011110101010,11100101100110000,01001111010110101,11000001001101111,10101110101100101,10111101010000110,11010110110001001,00100100011111011,11011000011110000,01001100101011110
10100011011011100,01110010110100110,00010111101010011,00111001100111101,11111010000010011,01101001111000011,01111111001101000,10001011100101010,11100101100110000,01001111010110101,11010001001100111,10101110101100101,10111101010000110,11010100110001001,00100100011111011,10011000111110000,01001100101011110
11100101010100101,01010010010010111,11000011101100010,00110101011111010,01101000110101011,01001100111110100,10101010001110001,01011001001101101,11011110010101000,10011001110010001,01100111100011001,10000100100111111,11111100101000011,10110010111001100,11101001000011110,00001111011001111,00111111100100110
10100011011011100,01110010110100110,00010111101010011,00111001100111101,11111010000011011,01101001111000001,01111111001101000,10001011110101010,11100101100110000,01001111010110101,11010001001100111,10101110101100101,10111101010000110,11010100110001101,00100100011111011,10011000111110000,01001100101011110
00111000101111001,11011100001001100,01001110111100010,00010101001110111,11011011100010011,01110010001001011,11100110100100101,00010011110101100,10101111000101010,00001110010011111,10101001111000111,01101011001010100,10110110111010000,11111000010110110,11000001011111001,01111101010000001,01100101100011110
11100101010100101,01010010010110111,11000011111100010,00110101011111010,01101000110101011,01001100111010100,10101010001110001,01010001101101101,11011110000101000,10011001110010001,01100111100011001,10000100100111111,11110100001000011,10110010111001100,11101001000011110,00001111011001111,00111111100100110
10100011011011100,01110010110100110,00010111101010011,00111001100111101,11101010000011011,01101001111000001,01111111001101000,10001011110101010,11100101100110000,01001111010110101,11000001001100111,10101110101100101,10111101010000110,11010100110001101,00100100011111011,11011000011110000,01001100101011110
10100101010100101,01010010010110111,11000011111100010,00110101011111010,01101000110101011,01001100111010100,10101010001110001,01011001101101101,11011110010101000,10011001110010011,01100111100011001,10000100100111111,11110100001000011,10110010111001100,11101001000011110,00001111011001111,00111111100100110
10100011011011100,01110010110100110,00010011101010011,00111001100111101,11101010000011011,01101001111000001,01111111001101000,10001011110101010,11100101100110000,01001111010110101,11000001001101111,10101110101100101,10111101010000110,11010110110001001,00100100011111011,11011000011110000,01001100101011110
10100011011011100,01110010110100110,00010111101010011,00111000100111101,11101010000010011,01101001111000001,01111111001101000,10001011110101010,11100101100110000,01001111010110101,11010001001101111,10101110101100101,10111101010000110,11010110110001001,00100100011111011,11011000011110000,01001100101011110
10100011011011100,01110010110100110,00010111101010011,00111001100111101,11111010000010011,01101001111000001,01111111001101000,10001011110101011,11100101100110000,01001111010110101,11010001001100111,10101110101100101,10111101010000110,11010100110001101,00100100011111011,10011000111110000,01001100101011110
11100101010100101,01010010010010111,11000011111100010,00110101011111010,01101000110101011,01001100111010100,10101010001110001,01010001001101101,11011110010101000,10011001110010001,01100111100011001,10000100100111111,11110100101000011,10110010111001100,11101001000011110,00001111011001111,00111111100100110
10100011011011100,01110010110100110,00010111101010011,00111001100111101,11111010000011011,01101001111000001,01111111001101000,10001011110101010,11100101100110000,01001111010110101,11010001001101111,10101110101100101,10111101010000110,11010100110001001,00100100011111011,10011000011110000,01001100101011110
10100011011011100,01110010110100110,00010111101010011,00111001100111101,11101010000011011,01101001111000001,01111111001101000,10001011110101010,11100101100110000,01001111010110101,11010001001101111,10101110101100101,10111101010000110,11010100110001001,00100100011111011,10011000011110000,01001100101011110
10100101010100101,01110010010010111,11000011111100010,00110101011111010,00101000110101011,01001100111110100,10101010001110001,01010001001101101,11011110010101000,10011001110010001,01100111100011001,10000100100111111,11111100101000011,10110010111001100,11101001000011110,00001111011001111,00111111100100110
00111000101111001,11011100001001100,01001110111100010,00010101001110111,11011011100010011,01110010011001011,11100110100100101,00010011110101100,10101111000101010,00001110010011101,10101001111000111,01101011001110100,10110111111010000,11111000010110110,11000001011111001,01111101010100001,01100101100011110
10100101010100101,01110010010010111,11000011111100010,00110101011111010,01101000110101011,01001100111110100,10101010001110001,01010001001101101,11011110010101000,10011001110010001,01100111100011001,10000100100111111,11111100101000011,10110010111001100,11101001000011110,00001111011001111,00111111100100110
11100101010100101,01010010010010111,11000011111100010,00110101011111010,01101000110101011,01001100111010100,10101010001110001,01011001001101101,11011110010101000,10011001110010001,01100111100011001,10000100100111111,11110100101000011,10110010111001100,11101001000011110,00001111011001111,00111111100100110
11100101010100101,01010010010010111,11000011111100010,00110101011111010,01101000110101011,01001100111010100,10101010001110001,01011001101101101,11011110010101000,10011001110010001,01100111100011001,10000100100111111,11111100101000011,10110010111001100,11101001000011110,00001111011001111,00111111100100110
10100011111011100,01110010110100110,00010111101010011,00111001100111101,11101010000011011,01101001111000011,01111111001101000,10001011110101010,11100101100110000,01001111010110101,11000001001101111,10101110101100101,10111101010000110,11010100110001001,00100100011111011,11011000011110000,01001100101011110
11100101010100101,01010010010010111,11000011111100010,00110101011111010,01101000110101011,01001100111010100,10101010001110001,01011001101101101,11011110010101000,10011001110010001,01100111100011001,10000100100111111,11110100101000011,10110010111001100,11101001000011110,00001111011001111,00111111100100110
00111000101111001,11011100001001100,01001110111110010,00010111001110111,11011011100010011,01110010011001011,11100110100100101,00010011110101100,10101111000101010,00001110010011101,10101001111000111,01101011001010100,10110111111010000,10110000010110110,11000001011111001,01111101010100001,01100101100011110
10100011111011100,01110010110100110,00010111101010011,00111001100111101,11111010000011011,01101001111000011,01111111001101000,10001011110101010,11100101100110010,01001111010110101,11010001001101111,10101110101100101,10111101010000110,11010100110001001,00100100011111011,11011000111110000,01001100101011110
01100010101111010,00100001011110101,00111000101000111,10010110011010110,01001100110110011,01110101000101011,11101111000100110,11011011001010001,10110010110100001,10100101100011011,00011111100111100,11000100101101101,00101110011001001,11111000010011100,10001001011101010,01110101111000000,01000011110001111
10100011111011100,01110010110100110,00010111101010011,00111001100111101,11101010000011011,01101001111000001,01111111001101000,00001011110101010,11100101100110010,01001111010110101,11000001001101111,10101110101100101,10111101010000110,11010100110001001,00100100011111011,10011000011110000,01001100101011110
00110110000111100,01000100110001101,11000110001110111,01011010011111001,10001110110100010,10001101000111001,00011111001001111,00010101111110011,11110111010000001,01011011100010100,01101101011100100,01100011100101011,00101000010010111,10100011111011100,10111000101100101,11111100101011010,11010001010101110
11101100010010011,01101110101100001,00011101000101011,01110011110110010,01110100001001110,10100111110101110,11010101100010101,00101010100011111,01000110010111101,00001101111011000,00111011011000101,11011010110001000,01001000111100111,11000011001011011,11101001000111100,10011110001110110,10110000111111001
11111100010010100,10111001000101010,00001011110101100,00101111001001001,11000111000100111,01011010010001011,01101001100010111,10100110110011010,01010101100111001,00110100111100111,11001101111000010,11110010101001100,01001100001111110,10011010101110001,00010111001010110,01100011011110000,10000001011011101
01001101111001100,00111101001100110,01000111000111010,10000011111110000,10001100100111101,01100010101010111,01011010001101001,10101011100001010,11100001010101101,00110110110101100,11101100110100011,11110100001011000,11010111100000101,11011010010010110,10000110011001111,00101111010010001,00010001110011011
01001101111001100,11011010010010110,01000111000111010,10000011111110000,10001100100111101,01100010101010111,01011010001101001,10101011100001010,11100001010101101,00110110110101100,11101100110100011,11110100001011000,11010111100000101,00111101001100110,10000110011001111,00101111010010001,00010001110011011
10111110010110101,10111001000101010,00001011110101100,00101111001001001,11000111000100111,01011010010001011,01101001100010111,10100110110011010,01010101100111001,00110100111100111,11011101111000000,11110010101001100,01001100001111110,10001010101110011,00010111001010110,01100011011110000,10000001011011101
00010011111110011,01110010010001110,10110100011010101,11110000100111001,01100111100010101,11011010101010100,11001110010100011,00011100100001111,01001001011111101,10011111010011000,10101001110010110,10111011000100101,00101110001111010,10000111111101100,11010101000110110,01111101111100000,11100001001001011
11110011100100010,00001101111110010,10111010011010000,10010101000010111,11001110001001110,11001000110010111,11011001001101001,10000110100111001,01100011001110101,01110000101011011,00111100101100101,00010010011101111,00011011100011100,00101111010001011,01010111111000001,10100001111001100,01110100010111100
01011010001011010,10101111011001000,11110110011100011,00011011111100100,11001101000110110,11010101101001101,11000010110001110,00001110100101011,10111100110111000,01101100111010101,00110111100010110,00111001010001111,01000111010111001,10000001111010011,10100010001111101,11111011100000001,01100001101101010
00111100101111000,11011101001001100,01001110111100010,00010101001110111,11011011100010011,01110010001001011,11100110100100101,00010011110101100,10101111000101010,00001110010011101,10101001111000111,01101011001110100,10110111011010000,11111000010110110,11000001011111001,01111101010100001,01100101110011110
01011010001011010,10101111011001000,11110100011100010,00011011111100100,11001101000110110,10010100101001101,11000010110001110,00001110100100011,10111000110111000,01101100111010101,00110111100010110,00111001010001111,01010111010111001,10000001111010011,10100010001110101,11111011100000001,01100001101101010
11101101010110001,11010010010111100,11001000011001111,10101011110101010,11110100100000110,00101010001110110,01100001100011101,01110000111100001,10011001111010100,10100110111011001,01111111001001000,10010001001111011,01011010100010011,11000111101100101,00110111010000111,00011100100101101,01000101111111010
01100010101111010,00100001011110101,00111000101000111,10010110011010110,11001100110110011,00110101000011011,11101111000100110,11011011001010001,10110010110100001,10100101101011100,00011111100111100,11010100001101101,00101110011001001,11111000010011100,10011001011101010,01110101111000000,01000011110001111
11010110000110111,01001010011011011,00100111110100011,11110011101000001,01110000011100110,10101110101000110,01111101000001111,11101001100110010,10001001011100101,00111111001110000,11100110010101000,10111100110010001,01000101111010100,10110011010011110,01011010110101100,10010101101101010,00100000101111101
11010110000110111,01001010011011011,00100111110100011,11110011101000001,01110000011100010,10101110101000110,01111101000001111,11101001100110010,10001001011100101,00111111001110000,11100110010101000,10111100110010001,01000101111010100,10110011010011110,01011010110101100,10010101101101010,00100000101111101
10111000101111000,11011101001001100,01001110111100010,00010101001110111,11011011100010011,01110010001001011,11100110100100101,00010011110101100,10101111000101010,00001110010011101,10101001111000111,01101011001110100,10110111011010000,11110000010110110,11000001011111001,01111101010100001,01100101100011010
10111100100001010,01100101100110011,00110010110010111,10010001001111111,11001000111100011,11101001010010110,10101011010101001,11000011100001111,10001110100110100,00001111111011010,01011111001000111,01101000101011101,11110011101010000,01100110011101110,11010100010011001,01011001110101100,10100101111000101
01100010101111010,00100001011110101,00111000101000111,10010110011010110,11001100110110011,00110101000011011,11101111000100110,11011011001010001,10110010110100001,10100001101011100,00011111100111100,11010100001101101,00101110011001001,01111000010011100,10011001011101010,01110101111000000,01000011110001111
10111100100001010,01100101100110011,00110010110010111,10010001001111111,11001000111100011,11101001010010110,00101011010101001,11000011100001111,10001110100110100,00001111111011010,01011111001000111,01101000101011101,11110011101110000,01100110011101110,11010110010011001,01011001110101100,10100101111000101
00111110110011000,01110010110110110,10010111101010011,00111001100111101,11101010000011011,01101001111000001,01110111001101000,10001011110101010,11100101100110000,01001111010110101,10100011011011100,10101110101100101,10111101010000110,11010100110001101,00100100011111011,11011000011110000,01001100101011110
11111100010110100,10111001000101010,00001011110101100,00101111001001001,11000111000100111,01011010010001011,01101001100010111,10100110110011010,01010101100111001,00110100111100111,11011101111000010,11110010101001100,01001100001111110,10011010101110001,00010111000010110,01100011011110010,10000001011011101
11101101010110001,11010010010111100,11001000011001111,10101011110101010,11110100100000110,00101110001110110,01101001100011100,01111000111100000,10011001111010100,10100110111011001,11011111001001000,10110001001111011,01011010100010011,11000011101100101,00110111010000111,00011100100101101,01000101111111010
11001101010110001,01010010010111100,11001000011001111,10101011110101010,11110100100010110,00101110001110110,01101001100011101,01111000111100001,10011001111010100,10100110111011001,11111111001001000,10110001001111011,01011010100010011,11000011101100101,00110111010000111,10011100100101101,01000101111101010
11111110010110101,10111001000101010,00001011110101100,00101111001001001,11000111000100111,01011010010001011,01101001100010111,10100110110011010,01010101100111001,00110100111100111,11011101111000000,11110010101001100,01001100001111110,10011010101110011,00010111000010110,01100011011110010,10000001011011101
11101101010110001,11010010010111100,01101000011001111,10001011110101010,11110100100000110,10001110001110110,00101011100011100,00111010111100000,10011001111010100,10100110111011001,11011111001001000,10110001001111011,01011010100010011,11000011101100101,00010111010000111,00011100100101101,01000101111111010
00011001011011010,11011100101001100,01001110111100010,00010101001110111,00111000100111001,01110010001001111,11011011100010011,00010011110101100,10101111000101010,00001110010011101,10101001111000111,01101011001110100,10110110111010000,11111000010110110,11000001011111001,01111101010000001,01100101100011110
10111000101111000,11011101001001100,01001110111100010,00010101101110111,11011011100010011,01110010001001011,11100110100100101,00010011110101100,10101111000101010,00001110010011101,10101001111000111,01101011001110100,10110111011010000,11110000010110110,11000001011111001,01111101010100001,01100101110011010
00111110110010000,01110010110100110,10010111101010011,00111001100111101,11101010000011011,01101001111000001,01111111001101000,10001011110101010,11100101100110000,01001111010110101,10100011011011100,10101110101100101,10111101010000110,11010100110001101,00100100011111011,11011000011110000,01001100101011110
00011001011011010,11011100101001100,01001110111100010,00010101001110111,00111000101111001,01110010001001111,11011011100010011,00010011110101100,10101111000101010,00001110010011101,10101001111000111,01101011001010100,10110110111010000,11111000010110110,11000001011111001,01111101010000001,01100101100011110
00110100000111111,01110011011010001,10011010010001011,10010101101001101,00001011001100111,10101100101010011,11011000100110101,01111000101001110,11101111000011100,11010110001100010,01000001100111010,11100001010100110,01001100011101001,00111111110100000,01000110110000111,00011101011010110,10000010111111100
00010011111110011,01110010010001110,10110100011010101,11100000110111001,01100111100010101,11011010101010100,11001110010000011,00011100100101111,01001001011011101,10011111010011000,10101001110010110,10111011000100101,00101110001111010,10000111111101100,11010101000110110,01111101111100000,11110001101001011
00010011111110011,01110010010001110,10110100011010101,11100000110111001,01100111100010101,11011010101010100,11001110010000011,00011100100001111,01001001011111101,10011111010011000,10101001110010110,10111011000100101,00101110001111010,10000111111101100,11010101000110110,01111101111100000,11110001001001011
00010011111110011,01110010010001110,10110100011010101,11110000110111001,01100111100010101,11011010101010100,11001110010000011,00011100100001111,01001001011111101,10011111010011000,10101001110010110,10111011000100101,00101110001111010,10000111111101100,11010101000110110,01111101111100000,11110001001001011
00010011111110011,01110010010001110,10110100011010101,11110000110111001,01100111100010101,11011010101010100,11001110010000011,00011100100001111,01001001011111101,00011111010011000,10101001110010110,10111011000100101,00101110001111010,10000111111101100,11010101000110110,01111101111100000,11110001001001011
11010100000110111,11001010001011011,00000111110110011,11010011100000101,01110000111000011,10101110101000110,01101101000001111,11101001100110010,10001001011100101,01111111001110000,11100110010101000,10111100110011001,01000101111011100,10110011010011110,01011010110101110,10010101101101010,00100010101111101
01111110000100011,10010110101100100,01101101100101100,11001111110000001,01011010110001110,11100100101011010,11011011001111000,01000111011101010,00110111000011101,00101010111111001,01111100011010100,11110000011101101,00011101101001011,10110001110110010,01000001101110111,10001100010111111,10101011001000110
10111000101111000,11011101001001100,01001110111100010,00010101101110111,11011011100010001,01110010001001011,11100110100100101,00010011110101100,10001111000101010,00001110010011101,10101001111000111,01101011001110100,10110111011010000,11010000010110110,11000001011111001,01111101010100001,01100101110011010
01001110101001011,10010111000111101,10101111010100011,00011100111110001,01100111101110100,11000100011100110,10100010111010111,11111100100000100,00001101110011110,10110001101101010,01101000000111111,01110110010011010,01010011110100111,11100001011001001,11001010110111000,11011011001010010,00111010011101100
10101010001011011,10010011001100111,11000101011111001,01000001100011111,11110110000110010,01001011101110000,10101101100101010,01101100001100111,11111001010010101,11100010111101100,00100111011010110,00110000111110011,11001110110000011,01011001011001010,01110111101001001,10011100101010100,00011110010111101
11111110010110100,10111001000101010,00001011110101100,00101111001001001,11000111000100111,01011010010001011,01101001100010111,10100110110011010,01010101100111001,00110100111100111,11011101111000010,11110010101001100,01001100001111110,10011010101110011,00010111000010110,01100011011110010,10000001011011101
00111100010111010,10011000101101101,10110101101100011,01001110100100011,11011010011000010,11010111000101100,10000110001011111,00100010111101110,01010001110011011,00010111111110001,01001001001110110,10101011100011000,01110100101010100,01101101011001001,10001101110000110,00111011000000111,11100000010110101
00111000010111110,01101011101001010,01011001100101101,00110101110100011,01110110100010100,10101100100001111,01011100011010011,00001010101110111,01100110011101101,00000101111011100,10111011011000101,10011110110101000,11000000111100110,11000011010011011,11101101000110000,10010111001101110,10110000101111001
00111000010111110,01101011101001010,01011001100101101,00110101110100011,01110110100010100,10101100100001111,01011100001010011,00001010100110111,01100110011101101,00001101111011100,10111011011000101,10011110110101000,11000000111100110,11000011010011011,11101101000110000,10010111001101110,10110000101111001
11111100010110100,10111001000101010,00001011110101100,00101111001001001,11000110000100111,01011010010001011,01101001100010111,10100110110011010,01010101100111001,00110100111100111,11001101111000010,11110010101001100,01001100001111110,10011010101110001,00010111000010110,01100011011110010,10000001011011101
01010001010011110,01110010111100111,00010111101010011,00111000100111101,11101010000011011,01101001111010001,01111111001101000,00001011110101010,11100101100110010,01001110010110101,10000001001101101,10100110111011100,10111101010000111,11010100110001001,00100100011111011,10011000011110010,01001100101001110
11101101010110001,11010010010111100,11101000011001111,10001011110101010,11110100100000110,00101110001110110,01101011100011100,01111010111100000,10011001111010100,10100110111011001,11011111001001000,10110001001111011,01011010100010011,11000011101100101,00110111010000111,00011100100101101,01000101111111010
11101101010110001,11010010010111100,11001000011001111,10001011110101010,11110100100000110,10001110001110110,01101011100011100,01111010111100000,10011001111010100,10100110111011001,11011111001001000,10110001001111011,01011010100010011,11000011101100101,00110111010000111,00011100100101101,01000101111111010
11111010000000111,11011001101011001,11100001011010110,00110001011101011,10101010111100000,10000110001111111,00110110111010101,01101111000110001,10111100010011010,11010111010101100,10100101100001101,00001011110011111,00011101101100110,01111000100111100,11000100110100011,01100110101001010,10110011100110010
00111100010111010,10011000101101101,11110101101100010,01001110100100011,11011010011000010,01010111010101100,10000110001011111,00100010111101110,01010001110011011,00010111111110001,01001001001110110,10101011100111000,01111110101010100,01101101011001001,10001101110000110,00111011000000111,11100000010110101
00111010011000111,11011001001001011,11100001011010100,01110000101111101,10101010111101000,10000110001111111,00010111111010001,01101111000110001,00111100010011010,01010111010101100,10100101100001101,01001011110011111,00001101101100110,11011110100010100,11000100110100011,01100110101001010,10110011100110010
00111000010111110,01101011101001010,01011001100101101,00110101110100011,11110110100010100,10101100100001111,01011100001010011,00001010100110111,01100110011101101,00000101111011100,10111011011000101,10011110110101000,11000000111100110,11000011010011011,11101101000110000,10010111001101110,10110000101111001
10101011000101010,11011101001001100,11000110111100010,00010111001110111,11011010100010011,01110010001001011,10110100100101101,01010011110001100,00011000111111010,00001110010011111,10101001111000111,01101010101110100,10110111011010000,11110000010110110,11000001011111001,01111101010100001,01100101100011010
10011011001010011,01100011101100011,10011101100100111,01101001000111101,11101000110010011,00110010100011110,00110101111010101,11110110000000101,10110001010101000,00000110010111011,00111100001001011,10001010111001101,01011111110001000,10101110101110000,11000101001011110,11010000101111001,01011000011100110
00111010010000111,11011001001001011,11100001011010110,01110000101111101,10101010111101000,10000110001111111,00010111111010001,01101111000110001,00111100010011010,01010111010101100,10100101100001101,01001011110011111,00001101101100110,11011110100010100,11000100110100011,01100110101001010,10110011100110010
11000101110001101,00011100111010110,11110010110010010,10001001010111010,00100011111100110,11001010011000011,01111001000001111,01000000101111011,10101001101010001,00101110110101001,10010111100100011,11011010101101100,11110101011100000,01001111000110100,00010011011011001,10100110001011110,10110000010110101
00111100010111010,10011000101101101,11110101101100010,01001110100100011,11011010011000010,11010111000101100,10000110001011111,00100010111101110,01010001110011111,00010111111110001,01001001001110110,10101011100011000,01111110101010100,01101101011001001,10001101110000110,00111011000000111,11100000010110101
00111100010111010,10011000101101101,11110101101100010,01001110100100011,11011010011000010,01010111000101100,10000110001011111,00100010111101110,01010001110011011,00010111111110001,01001001001110110,10101011100011000,01111100101010100,01101101011001001,10001101110000110,00111011000000111,11100000010110101
11000101110001101,00011100111010110,11110010110010010,10001001010111010,00100011111100110,11001010011000111,01111001000001111,01000000101111011,10101001101010001,00101110110101001,10010111100100011,10011010101101100,11110101011100000,01001111000110100,00010011011011001,10100110001011110,10110000010110101
00110110110010110,00100101111101000,11101000100110010,10001100011100111,11111110010001000,01011101011010010,01001010111011001,10010111100110001,01100111001000011,01111010001110100,11000011010111110,11110001110000101,00101101000011101,10011011101001110,10110000001011011,11000100101010100,01010100100101111
11111100010110101,10111001000101010,00001011110101100,00101111001001001,11000111000100111,01011010010001011,01101001100010111,10100110110011010,01010101100111001,00110100111100111,11011101111000010,11110010101001100,01001100001111110,10011010101110011,00010111000010110,01100011011110000,10000001011011101
11001101010110001,01010010010111100,11001000011001111,10101010110101010,11110100100010110,00101110001110110,01101001100011101,01111000111100001,10011001111010100,10000110111011001,11111111001001000,10110001001111011,01011011100010011,11000011101100101,00110111010000111,00011100100101101,01000101111101010
