101010011101100,000110101001111,110101101100100,000101011111001,101101010000111,110000110011101,101110100110001,011011001010101,000011110110110,011100000111110,011111110001000,011000111100011,101001101011010,110011000101011,110110011010010
101011000110001,100111101000010,010110100010101,110101001101101,110000111110000,100010011011111,001101111011001,101110110101100,111100010000011,011110001111010,000101010110110,010011110101011,111001100011110,001000101100111,011011011000100
100100011111000,110000100011110,100011111000100,000110101001011,010101010001101,011010110101000,001001001101110,110111000100010,101011000011001,011110001010100,010001101110001,111000011000011,101100100100101,000010010110111,001101110010010
011100000111110,001101011000111,100110011110010,010111110100100,010001011111001,001011110011010,111001010100010,101010010101101,111100110010001,110011000010111,101001101110100,110000111001110,011010101100011,111111001001000,100101100101011
010110100001011,011000111011010,100100101110011,011010001100111,010111101010100,110011010010011,111101001001001,110001100101110,010100010111101,000011111101001,111110110100000,001111000111010,001101110000111,100110011001110,101010100011101
010101101010101,011110000011110,111011100110000,001111110000011,100111000101101,111000110001101,001010011110101,100010101011011,010001010111011,010110111101000,110011011000110,000011110011100,100100110110110,101101011011000,001001101101110
110110110110010,101001110101110,101100101011011,011100011000110,110101001101000,010001010011011,001011001110010,000110000101111,101111010000001,110011101000111,100000011110101,011010111101001,000111111011100,011101100110101,111010000011100
101110011000101,010110110110001,110111001011000,100010111101010,001111100101100,111000101110100,100011000110111,010001011101101,110101110000110,000100101011111,011011101000011,011010010011110,110010100001101,111100000101011,101001110011001
010010000110111,001001001011101,001000110101011,011110110011100,001111101110010,110001100111000,111111000001011,010101011101110,010011111000001,111000011010010,111100101100101,100010101001110,100101110010111,100110011111001,010100101011011
010011001010011,001010111111010,111110101100001,011000010110101,011101101011100,010111010101000,000100001101111,010010111001101,101001011001001,110001111100110,100011100111101,001111110000111,111010000001110,100110011010100,110100110011011
000111000110011,010110111010101,110111001101100,101110010001111,111100100100001,110000001011011,001100101111110,111011100010110,010010100101111,100001110111101,010101110001010,001011101001001,011001011100111,011010010111000,100010111100010
011011011011000,101111101000010,010110001001111,100000011111110,001010111100101,001101001110101,100111010101001,010111110110110,111100100101100,111001010000111,100011100011101,111010000110011,110100111010001,001100110011011,010001101101011
001011110111000,101101100001101,100101010110110,110000110011011,011111100010010,000101111100011,010100101111100,111110010100001,010011000101111,001110011001110,101010101110111,100111001011001,111001001101010,011001011010101,110011111000100
100000111100111,110110010101010,000101110101101,011100000110111,011001101101010,110011100110100,001011011110001,101101110010010,110101001000001,101100001111100,011110111000100,101011000001111,111000110011001,010001011011110,000110101011011
010110000011011,001110101110000,110010111010101,011011001001100,010100110101100,101010010111110,000101011010110,000011100100111,111111110000010,111100001100111,011001010110001,110001101111010,101101100011101,001000111001011,011000100010110
110010000101010,110111110000000,111000110101101,011010101110000,011011010011110,101110000011001,100001011111000,100011100110111,010111001101101,000010111001011,001101100101010,010100010110011,110100101011110,111001001000011,101110011100110
110001100110011,101111100000110,101100010101011,010110001100111,100101001111100,001000111110110,100110111010001,010101111001010,001101101100001,001011001011011,011111010110000,111010101101000,000011110101101,111001011000101,100011011100010
001101110010110,011110101001100,001011101100010,000101001101111,111110000110010,101100111100001,010010110100111,110001101110100,100111110101000,011001100111001,101011000000101,010111011010001,111001011001010,100010101011011,001010011111100
001001111011110,100001001101101,100100011110110,110011110110100,101010111000101,111100111101000,001110010111101,011010001100110,101000100110011,101111001010000,000111111100011,111101010000111,110010011011011,100110100001110,010100101010101
011101110101000,010100101111110,110100011110001,000111111100011,110010100101001,011110011001101,111101000100111,010001110010101,011011001110000,100111010111100,101000111100100,111110110010010,110001011001010,101101101011001,001000010111011
100011010111010,101110010000111,011011001100110,010001011010101,010110111001010,000111100110111,001100011111100,111000100011110,011010110110001,001001111101011,011111000001001,100010101101101,101111101010000,110101110100100,110100001110011
101010011101111,011100101101100,100111101100010,101101001011100,001110110011010,110110010000100,010011000111110,000101110110101,010101011001011,111001110000110,110000111111000,010010101010111,111100000110011,111011100001001,011011011110000
001010000101011,100110011110001,100111101001100,101001011011010,101100100010111,110001000111101,110111010000011,011100011001101,010100110111010,010010001010110,001111010110100,000001111100111,011011101010001,111010110100100,111101001100010
110001100110011,101111100011110,101100010101011,011110001000111,110100001111100,001000111110110,100110111010001,010101111001010,001101101100101,000011001111011,011111010110000,111010101101000,010010110101101,111001011011101,100011011100110
101011010110100,110110001101100,000000101111111,111001001110001,011100010011101,100010010001011,010011111011000,110100110110010,101110101010010,010111000010111,001111100101001,111001100001110,100101111000101,001101011101010,011010111100111
011101001100011,100110010101011,010111111001000,001010101101101,000100111110110,111010011000110,101101100001110,110000101111010,110111000110100,001011010111010,010001110100111,100011101010011,010110000011111,100001011011101,111100110010001
000111011100100,111110100000110,111011001010000,010100111011000,100111001001011,110101100100001,000011110010011,110000011000111,101101010011101,011001010101010,001100001110011,100001101111110,011001101001101,101010111101001,010010000111101
100011111000101,100100111011010,101001001001011,111100001010101,010010010011111,011101110000011,000100100101111,110001100111001,011010101100010,001111100011100,101001010110110,110111000000110,000111001110011,101110010101001,010101011101100
010111000001101,011010011010100,100101101010100,011100101101110,110110110100000,001101010111000,101000110001101,100100011100111,111100000010011,001111110000110,100010000111110,000110111011011,101011101100001,110001011001010,010001110110111
011110000010111,100111010100101,111001010001101,011011101100100,111110011101010,010001011110011,001000010111100,101011110010010,000010111001111,100011001011110,110010100111001,101000101100111,110100111010100,010101100101110,001101101011001
110110110100100,010010110011010,111001111000001,011101100110010,011110001011101,001111010101011,101011010010110,101000100101111,100110101010011,010000011110111,101100011111000,000011101101100,110101001001110,110011000111001,000101110011101
110100011110010,000001011011111,010010110101110,011101010100101,001110111000011,100111110010100,010111100110011,110011111001001,101011001100110,001001111110000,100100101101101,111000100010111,101010010111001,101101100001010,011110001011100
111000011111000,110111011110010,110101100001011,011110010001110,000101110111100,010110101011001,011101001100101,100011011001101,010000110110111,101100001010111,001011000111011,001001111000010,100010101101110,111011100010100,101110110100001
100011101010110,101110001001101,111011100100001,110000000111111,100100111101100,011110110010100,101010010111010,001001110011101,110101011010001,010010111001011,010111001111000,000111010100111,001100101110011,111101100001010,011001011100110
001101101001110,100101011110100,010100110101101,011000011010111,011110011101000,110111110000010,000011111011001,110010001011110,110001101100011,101011010101111,011011100110100,111101000011001,000110000110011,101110101000101,101000110111010
100101010101110,100001100110101,000010111011100,100110101100010,101000001011111,001101011110001,101011010010010,001111100001111,011000110100110,110110010000101,111011001101100,010101001010110,111100100011000,010010000111011,110001111001011
011111001101000,011110100010110,010011110110001,001001111100110,000011001011111,100111101000011,011101010001011,101101100111101,111000001110011,000100111111010,010000101001101,110010010101110,101010111011000,110101011010100,001110011100101
110100011110010,000001011011111,011000110101110,111101010000101,001110111000011,100110110010100,010111100110011,110011111001000,101011001100110,001001111110000,100100101101101,111000101010111,101010010111001,101101100011010,011110001011100
000011110101110,011101010100011,111110100100100,101000101101011,110011100010011,100101001110110,001110111010010,001011000111101,010101101111000,010000111110101,100100110011101,110010010111010,111001011001100,010110001001111,100111011100001
011101100100101,111001001001111,010011010110110,101011111100000,110000110101011,001000111010111,101100000111110,100011100011101,000101011111001,111110010010001,010110111001100,100110001100111,011010101111011,001111110001011,110101101010010
001011011001011,000101101111010,010110011110010,011101001010101,110111010001100,111000111011000,000010111111101,100101111100001,101110101000110,101110000111001,011011101100000,110000001101111,110011100010011,101001010110110,011100110101111
111000101010110,011010110110001,101001011011001,010111011010011,001110101011001,010001101101101,101011101100010,001100011100111,100101110110100,110110011101100,011101110001010,110100000111011,001011000111110,111111000000101,100010110001111
111000110101001,000111111110001,010100101010111,001010110110110,111010011000101,001110001101011,100011100001111,101101111000010,010001011101110,001101010011101,011111100100100,011011101011000,100100001111100,111001000110011,110110010011010
110010001010111,100110110011001,000010111111110,111000010111100,110011010101010,100101011110010,001011001111001,010101011001101,101011111000100,110000111100001,011001110010011,111100101001010,010111100110100,001110010100111,100001100101111
100110010010111,001110100111011,110000101010011,110101010101011,011101110010000,111011100001101,001001111100111,111010011100000,000011011011001,100000110111100,100111101100000,010110111001110,010011000110110,101101001011110,010100001110101
011111010010001,011000011111010,000011101110100,001001100011111,101011011000110,110111000101010,111001101100001,110001110011100,100010111011011,101010000111101,110100001010111,010010110100111,101100110110010,000101011101101,011110101001100
011000011100111,100101011001011,110010111101010,010001110111001,111101101100000,001110101111011,101000111011100,001111110001110,010110101001101,111110010010001,101011000101101,100011100010111,000111011110100,011011001011010,110100000111110
101001100101110,011001011001101,000101101110101,001000001111011,101100010010111,110010000111101,111011101010000,000011110011011,110000111100011,100111011101000,010110101001110,011111000100011,011100110111000,010011011110110,001010111100101
110100000011001,111000011010101,011101001110010,001110011101001,010010111011010,100101011001110,100011010110011,110001101101001,110110001100110,101000100111100,010100110100111,000111101010101,011011000001111,111111110000000,101100101000011
010001110011110,001111010011001,100100111010101,110011001010011,001000001111111,110001011101001,011010111000100,110110000001111,000010110100011,000111011100110,111100010110010,010110101111000,101011100111100,101101101001010,011101100100101
101110101100010,111000110111100,111111010000010,000101000111110,000110010101001,011001100101011,100011110010011,010011001110000,001000011110111,110101111100101,101101001011001,001011111001100,010100111011010,011110100010101,110010001001111
011101010101001,001011011100011,100101011110101,001001100111110,011100111010010,101111000011011,010111001001110,010011101011001,110101100100011,111000001001111,101110101101000,110010010111010,111011110000100,011110000110101,000110110001111
110010011010111,001100101010011,101000000111101,110110100110000,100001110011010,011011000011011,111101010000001,010101001011100,010001100100111,101011101000100,111100000001110,001111010110110,011000111101000,100111001101011,000110110001101
110000110011101,100111101010001,101010011011010,011110100111000,000101011111100,101100000110111,010011010110011,101001110101010,111001001101001,011001101010110,110111000001110,011100111000011,111010111100100,001011010001101,000010101101111
110011100001001,111100101111000,001010011101001,011001111000100,010110110110101,010011001110010,100101010111110,001101100100011,100110111000010,001010100011110,111110000100110,100000101100111,111000010010011,010100001001111,101111001010101
110010001010111,100110110011001,000000111011110,111000010111100,010011010101010,100101011110010,001011001111001,010101011001101,101011111000100,010000111100001,011001110010011,111100101001010,010111100110100,001110010100111,100001100101111
101001100101110,111101011001101,100101101110101,101000001111011,101110010010110,110010000111101,111011101010000,000011110011011,110000110100011,100111011101000,010110101001110,011111000100011,011100110111000,010001011110110,001010111100101
110100110101001,000111011110001,010100101010111,001010110110110,111010011000101,001110001101011,100011100001111,101101111000010,010001011101110,001101010011101,011111000100100,011011101011000,100100001111100,111001000110011,110110010011010
010111000001101,011010011010100,100101101010100,011100101101110,110110110100000,001101010111000,101000110001101,100100011100101,111100000010011,001111010000110,100010000111110,000110111011011,101011101100001,110001011001010,010001110110111
110110110100100,011010110011010,111001111000001,011101100110010,011110001010101,001111010101011,101011010010110,101000100101111,100110101010011,010000011110111,101100011111000,000011101101100,110101001001110,110011000111001,000101110011101
110010001010111,100110110011001,000000111111110,111000010111100,010011010101010,100101011110010,001011001111001,010101011001101,101011111000100,110000111100001,011001110010011,111100101001010,010111100110100,001110010100111,100001100101111
110100000011001,011000011010101,011101001110010,001110011101001,010010111011010,100101011001110,100011010110011,010001111101001,110010001100100,101000100111100,010100110100111,000111101010101,011011000001111,111111110000000,101000101000011
101001100101110,111001010001101,000101101010101,001000001011011,101110010010110,110010000111101,111011101010000,000011110011011,110100111100011,100111011101000,010110101001110,011111000100011,011100110111000,010001011110110,001010111100101
101001100101110,011101011001101,000101101110101,001000001111011,101110010010110,110010000111101,111011101010000,000011110011011,110100111000011,100111011101000,010110101001110,011111000100011,011100110111000,010001011110110,001010111100101
001111010010000,100110011100101,101010110000110,110011110101000,010110100110110,101000101110000,111100110011101,111110001001010,011011101000101,110001011010110,100101100000011,000010111011011,011000010100011,001101111101110,101011000111111
010011101111010,011111010101010,101010000111100,101100101100010,110110110010000,111011100000110,110101100101101,101011111001001,011111001010101,100101011011110,011000111001100,000110100001111,111000000011011,110010011100111,001001110110111
101001001011110,011010010110110,111111011011000,100010111101010,001111100101100,111100101110100,100111001110111,010001011101101,110101110000110,001100111011111,011011101000011,010101100111010,110010100011101,111100000101011,101001110110001
010111101111100,100011101000111,001101001110011,001011010101101,010011011011011,100000011110101,100110011101010,110101110100001,111100001001101,000100110011111,110001000101110,111111010010110,011000111100110,101001111011000,111010100111011
101111110110000,010011010011001,111110011000011,000101101010011,011001110000110,100001011101101,100111100001110,010111001100100,001100011011100,111001001111010,001010000110111,011100100101001,000010111101010,110010101010101,110100010110110
110100011110010,000101010011111,010010110101110,111101010100101,001110111000011,100110110010100,010111100110001,110011111001001,100011001100110,001001111110100,100100101101101,111000100010111,101010010111001,101101100001010,011110001011100
000001100101111,110010110001001,100111101001100,010011111110100,100100111010111,101000011101100,011100101111001,111001100011010,111101000100101,110110000111110,100011001110011,001110110100010,001111010011101,011010001000111,010101011001010
011100110110011,100100101010101,000011100011011,110000011111011,111111011010000,110010110000110,010101111001000,011010111001101,001001111110110,010111001100111,100011110100001,101110101101010,111001100111100,000110010111100,101101010001111
110100101101100,000101010101111,010001111110001,001111101001001,101010110100101,100011100111010,011110010111000,101000001011111,110110000000011,011000110001010,110011011001100,111101100010100,010010100011101,011011001100110,000110111010110
001111101000001,111110000110000,110111000101101,011001010010101,110011101010110,010100001011011,000011011111000,011001100101010,101000101111101,110010110001001,000110110110111,010100111100100,100101110011000,100001011100011,101110011001110
001110101111010,101000110101100,000111010001110,010000011111111,111100011000010,011001100010110,010101101100100,011011000101001,100011001100110,001010111000101,100101110110011,110011111011000,101101001011101,111110010110100,110110100001111
101110100101000,001010010110110,010110010001011,010010001101101,111100011000100,110100100110111,011101001111010,111011000000011,011001110100001,001101000011101,101000111011011,110011110011100,100111011110001,100001010101110,000111101000110
011011011010000,011000110001101,110010101000110,101001000010111,010101101110101,001111001001100,000101110011010,111100011100011,110110000011001,100000011111100,111001100101000,010011010101111,001010101111011,100011111000001,101110110110100
001100100011100,110101110000110,100011001011110,111110101100000,100110100110101,101001111010001,001111001000101,011011100010011,011100011110111,101101000101011,010111010111000,111010010001101,010001101101101,001011110100110,000110111001011
101101010100010,110110000100101,011010000011011,101000001111100,100111001011000,010011011101110,111010111000000,011101011010101,100011100010110,100100111001111,001011101100001,001110110111100,010100101110010,011101100001100,110001110111001
111111011010000,101010100011010,111010010100111,001100011111110,111101100001101,100011101100100,001011011001011,100100111000011,110001001001110,100001010111001,110110001101001,010111110101010,011001101110011,010010111011101,000111000010111
010101011000011,111001100110001,100100110110010,110110010010101,011101010101100,000111101110100,110000001111110,000001110011111,001100000110111,011010111000110,010110100101011,100011010100111,101111000011010,001010011111001,101100101001101
100110010110111,000101111010010,001010011111000,100001111101101,111001010011110,010100100111100,001100001001111,111111001100110,101110110001000,001011100010101,101101000111001,010111010001001,011000110100011,110010101011011,111100011010101
001001111011110,100001001101101,100100001110010,110011110110100,000111111100011,111100111101000,001110010111101,011010001100110,011001100111011,101010101010001,011111001011000,111101010000111,110010011011011,100110100001110,010100101010101
110100010011011,011101100111000,001000101011111,101111100000011,010011110010101,111000110100110,000010000111110,101110011010100,110011101001100,000110111101001,011011011001010,010101001100111,000101110001110,101001010101101,100001111110010
111010001001011,001111100010011,100000111110001,010110110101010,111110000110100,111101110001101,100100101001110,000110011000101,101101011100010,001011101101100,010101001011000,001100010111111,100011010011110,011000111010110,010001000100111
000011110000110,011101010100011,111110100100100,001000101101010,111011101010011,100101001110110,001110011010000,001011000111101,010111101111000,010000111110101,100100110011001,110010010111010,111001011001100,010110001001111,100011011100001
010111100001001,011001001100011,100011010000111,111010110100000,101001101001100,100100011101001,100011100111010,110101000110100,000110101100110,001010000111101,001111011010000,101100100010011,001101010101110,010000111011110,111110001001010
111011100000011,111100000011101,110001001111010,101101011000110,001111001101001,010011010101100,001000110101011,101010101110100,000101100110111,100110000101111,100111110011000,000010011010111,110100111100001,011110010110010,010110101001110
111011100000011,111100000011101,110001001111010,101101011000110,001111001101001,010011010100100,001000110101111,101010101110100,000101100110111,100110000101111,100111110011000,000010011010111,110100111100001,011110010110010,010110101001110
100001100111110,111100000111001,111010110001100,001100110100111,110110101010101,011111000010110,111001101000011,110100011001110,001010001011111,001101111011000,100111010001011,110010011110010,010001011101101,101111001100100,010110101101010
100001100111110,111100000111001,111010110001100,001100110100111,110110111010101,011111000010110,111001101000011,110100011001110,001010001011111,001101111011000,100111010001011,111010011110010,010001011101101,101111001100100,010110101101010
111001000011011,001001101100111,111010101001100,010010110101011,010100001111101,011001110010100,110111100010111,111100111110010,100001111011001,001111100111000,011111011000001,000011011011110,001100110001111,101010010110101,110101010101100
000110110001011,000010001111101,111110001001110,101000110110111,100001101101010,100111111010100,110011010111010,011001100011001,001101010101100,010001011000111,001111001110011,011010111100000,110111100100101,010100100110110,110100011111001
110101100010100,110100000101011,001111100100011,100010010110111,000101011101100,101110001011110,101000101111101,010011001011001,111110011000101,100011111001000,010010101100110,111001011110010,011001110001111,000100111010011,011110110111000
000101011101110,100011101110100,110010011101001,100111100001011,111101111001000,110110010010110,001110111000101,010001111010011,111000100100111,010110101100010,011111010100001,010100100111101,001010110111010,101100001110011,011011001011110
000001100101111,110010110001001,100111101000100,010001111110100,100100111010111,101000011101100,001110101111001,111001100011010,111101000100001,110110000111110,100011011110011,001110110100010,001111010011101,011010001000111,010101011001010
111001100001101,001011001110100,100101111111000,010100001101101,111000011011110,011101011010001,001000110100111,101110000111011,001110101001010,010101100010110,000010110011101,100111011000111,111110110100100,010011010101010,110010101110011
100011010101100,100110111010010,011010010011110,011101011110000,110001001010111,001101100111110,010111101001100,111000101101010,001110001100111,001101011001011,101011101010001,010011110100011,110110000111001,111111000000010,111100110000101
110010100110111,101000101011010,100100111000111,010010011011110,001011110010011,011101100001110,000101001111011,001010101101101,111100010011001,100001110111100,101110010101010,101111001010100,011100111110000,111001011100011,110111101001000
111011000111010,000011110100011,100101101011011,101010011001001,010110000001111,011100111101010,110001101100101,100101010101100,010111011010000,101110100110001,011001110011101,001000011110111,000010101111100,110010110010110,001111101000110
