000000000001111111111,001111100001100011010,010111010000110001101,011011001001000110101,011101000100011010110,011110000010001101011,010000011111101011000,001000101110110101100,000100110111010110001,000010111011011000110,000001111100101100011,100111001010111110000,110011100101011101000,101110010101101100100,111001010011110100010,111100101001111000001,100101001111000001111,110010100110100010111,101010011100010011011,101001110010001011101,110100111000000111110
100000000001111111111,001111100001100011010,010111010000110001101,011011001001000110101,011101000100011010110,011110000010001101011,010000011111101011000,001000101110110101100,000100110111010110001,000010111011011000110,000001111100101100011,100111001010111110000,110011100101011101000,101110010101101100100,111001010011110100010,111100101001111000001,100101001111000001111,110010100110100010111,101010011100010011011,101001110010001011101,110100111000000111110
011110110010110100001,001011110101001110001,010011101111010001011,100000110101110100110,111001010011010010111,111111000100100111010,010010011011101110010,011101011100111000000,100011010110101001101,001101100011101001110,110100111001100011001,100001101010111110000,101100001111000100001,000111011001010101100,101010111000011001010,001110001100110010111,011000111110000111100,000100010110011111011,011000000001111101101,110101101000001100111,110110100111011010100
001011011100100101100,101110110001110000101,011111000110011000100,001011101011011100011,110001011011111110100,110010100010110101010,011100101101110110000,000110110001001111110,111100011011000001010,100100001100011101111,100101101111100000110,110111010101000110011,101010000111101011001,011001000001110011111,010010111111010011101,010101111000101001001,101101100010000111101,101001110100011011010,000110011010110010011,011000110110101100111,111010101000001010110
101010101111011101010,110111100000011001001,001011111010110010011,010100101001110100010,001100011100010001111,111101010011000011010,100000010000111111011,100111110101100001110,011000111010101001100,111001110100010110100,101110001001111010100,010011011101000111001,111110010110100100001,000100110111011010001,011010100001001110111,001101100100101111010,000111011010011100110,001001000011110101101,010010000110110011110,110001001111101000111,100100101010000111101
011110110010110100100,101001111001110101000,010101100111110001011,110000010101010100110,011001011010010010011,111111000100100111010,010010011011101101010,010111011101111010000,100011010110101001101,001101110001001001110,110110110001000011001,100011100011011110010,101100001111001100001,000111001000010101111,111010101100011001010,001010101101100010111,010001101110000111100,000100110100111111011,011000000001111111101,110101101000101100111,100100001010110011110
101010110011110010011,110110110000100111100,001101010111000111000,001110001010101011101,000001101100110111111,100110001101001110011,010010010110101101011,010011011001000010101,101011101010001101000,010111100010011010010,000100111001011001001,011100111010000100111,100101110110101000101,110000000011011111101,111000011100111010000,010110101111110100100,110101001011100001010,001111010001111100110,111111000100010001001,011000100101001001110,100010011110010001110
001011011100100101110,101110110001110000101,011111000110011000100,001011101011011100011,110001011011111110100,110010100010110101010,011100101101110110000,000110110011001111110,111100011011000001010,100100001100011101111,100101101111100000110,110111010101000110011,101010000111101011001,011001000001110011111,010010111111010011101,010111111000101001001,101101101010000111101,101001110100011011010,000110011010110010011,011000110110101100111,111010101000001010110
101100110000001000111,000010011110101100011,110011111000000110110,111010001001111000101,010101101101101000010,101001001111000011111,110100010111110010110,010001100110011110101,000110101010011011110,011111000011010100011,010100011101010101101,001001111011110000100,100111100100110001001,111010110111001001000,100101000011101101100,001110100101100110100,101101011100011110000,111100101010100111001,011111010000101011101,011000000100110101110,000000110001111111011
010110110011010110010,100011000111011100100,010000011111011011101,111111000000010011111,011001000110100110001,100010010010101111011,110011101011110001011,001110001011100011100,000101011010000100111,100101011101110010010,101000100101000111111,111011111001001010100,110101110110100001100,011010011100110101110,010110000101101000111,101110111110011000001,000111101100001111010,001101110001111101001,001001100010111010110,110100101000111110101,111100001011001101010
111110100010001101100,011000011011001100011,001001010000111111100,010011101011010111000,000110011110101111010,100010111000011010101,011111011101000110100,101111001011110100001,100101010011000011101,010010010110110001101,111011110010100010010,001100100110010110111,110101001110011000110,000011100101101100111,101010000101011011011,011101101000101011001,101000101111101010100,110000001000100111111,110100110101111110000,101001111100000101001,001100111001110001110
010000111100110010110,011111000110100001111,001001110101011011001,111000101010101001101,011110011011001010101,100010110111101000010,101010001111010011110,110011111001000001011,000001011011111100111,100110100100011100111,011011101110001110010,100111101010110010001,000100001101101111011,101101111101100100100,100011010000101111100,111010011100110100001,110101011110011001000,101100110010000111011,110001000111000110101,010110100011110101000,111101000001111010010
001001010001101111010,111000010110101000111,011101100100011100100,000101010010110011101,100111111000000100111,101000110011010001110,101011101010111010000,001100111100110001011,110010110001111101001,000110101011101101110,010001001111110100011,100100110111100110000,111100001010000111001,101111000111011001011,010011110110000011010,111111011101100001100,100010000100110111110,011110100001100010111,110100011001011010010,001010011111011110101,100001101101001011101
100001111100010011100,010100110100001101101,101110100110011010001,101101010001010110011,001011001101011100101,011001100111100010101,010000001011011111001,011010010110110101000,010111111001110000001,110011100000111110010,000010010101111011111,000101011111101110010,101001011010101001001,100011100111000101011,110100001110110000111,001010111010000110111,001101100011011001110,110111010011001010100,101110101001100111100,111000111101001000010,011111001100000011011
110011101001000101001,011010101101001010010,001111001100011101000,010110000001101110101,110000011100101101110,101010000111110001101,010110111110110000001,111101101011101000100,110110100010011011010,111101010001011000011,100111110111000100110,010101001101010011110,011011100000110100110,101100110001110111000,000011011011101011010,001110111000000001111,100011111100111010101,101101001110100110011,000000101011011100111,011001110110001111101,111010011010010110100
100001111100010011100,010100110100001101101,101110100110011010001,101101010001010110011,001011001101011100101,011001100111100010101,010000001011011111001,011010010110110101000,010111111001110000001,110011100000111110110,000010010101111011111,000101111111101110010,101001011010101001001,100011100111000101011,110100001110110000111,001010111010000110111,001101100011011001110,110111010011001010100,101110101001100111100,111000111101001000010,011111001100000011010
011110110010110100100,101001111001110101000,010001100111110001011,110000010101010100110,111011011010010010011,111111000100100111010,010010011011101101010,010101011101111010000,100011010110101001101,001101110011001001110,110110110001000011001,100011100011011110000,101100001111001100001,000111001001010101101,111010101100011001100,001010101101100010111,010001111110000111100,000100110100011111011,011000000001111111101,110101101000101100111,100100001010110011110
000111110010110001101,010101111100010010110,111001011000111011000,110100110010001110011,110011001010000101110,010011011111100110001,111110010001100010110,011011010001011100111,011100101011010000000,001000001010110110111,101111000110010110000,110000000111011011101,000110011001011111000,100101101001101100100,101011101001000011011,111100011100000101101,001101000111101001010,110110001100111000011,011010100100101111100,101010111110001000100,100000110101110101010
101001111001001010101,010010011101110010101,010101100100011001111,000111110111111000000,011000100011111111001,101110110000110011100,110111010010101011011,101011000011110100111,001101001101100011010,110101011001010101000,000100011010111110110,110001110100100110010,011011101010010010010,000111101110000111101,100010000101011111010,011011010110001101100,111100000111000010100,110010101011101001110,101000111110010001011,011110110001000100011,111110001100111100001
010110110011010110010,100011000111011100100,010000011111011011101,111111000000010011001,011001001111100110001,100010010010101111011,110011101011110001011,001110001011100011100,000101011010000100111,100101011101110010010,101000100101000111111,111011111001001010100,110101110110100001100,011010011100110101110,010110000101101000111,101110111110011000001,000111101100001111010,001101110001111101001,001001100010111010110,110100101000111110101,111100001011001101010
111110001011100100011,001101100011101001110,011000011110110001010,111011000111011000000,001001001101011110111,101100101100101010000,011010100001110011101,000111011001111001001,111101010100100101101,101001110010110010011,011110110000011100010,100100010011111110100,010111111110000010100,110100001010011011111,110000110101101000111,101110010101000011010,100011101100110101110,010011000110101111011,101010111010001101101,110001111001000111000,000100100111010101001
101010001110111110000,011000011010100101110,011011100011010010110,011110101000110101001,001101010101110100011,011100001111001011011,000111111010101010010,101101111100010011100,110111000100100111110,110010111101110001010,101011001001101001111,111100110001001110010,000010010000011111111,101110110110000000111,110001101110011100011,011001110100101010101,100011110011000111001,110100011011110010101,010111011101001100100,111111010010011001000,000100100111111101100
111110001011100100011,001101100011001001110,011000011110110001010,111011000111011000000,001001011101010110111,001100101100101110000,011010100001110011101,000111011001111001001,111101010100100101101,101101110010110010011,011110110000011100010,100100010011111110100,010111111110000010100,110100001000011011111,110000110101101000111,101110010101000011010,100011101100110101110,010011000110101111011,101010111010001101101,110001111001000111000,000100100111010101001
000111100011111010010,011110000111011001011,001100011011110111000,010100111011001010101,000101010100110011101,011011111000010110011,100011011110011000100,110111110101000101000,001011101001101001101,011100100100111100100,101110110010100000111,110000101110110011001,000000011101101100011,100110001000011111111,110001000011110100111,101001000110001110001,010010010010101111110,111110001101100010110,101000110101011011110,000101101110000101110,111101011000101001010
001100011011110111000,011110000111011001011,000111100011111010010,010100111011001010101,000101010100110011101,011011111000010110011,100011011110011000100,110111110101000101000,001011101001101001101,011100100100111100100,101110110010100000111,110000101110110011001,000000011101101100011,100110001000011111111,110001000011110100111,101001000110001110001,010010010010101111110,111110001101100010110,101000110101011011110,000101101110000101110,111101011000101001010
101001111001001010101,010010011101110011101,010101100100011001111,000111110111111000000,011000100011111111001,101110110000110011100,110111010010101011011,101011000011110100111,001101001101100001010,110101011011010101000,000100011010111110110,110001110100100110010,011011101010010010010,000111101110000111101,100010000101011111010,011011010110001101100,111100000111000010100,110010101011101001110,101000111110010001011,011110110001000100011,111110001100111100001
110101101010110011000,101100111100001001011,101011110110110000110,110110010110000111110,001011110010000111001,010000011010111101101,011110001011010001111,000101000111101010111,011001101000001110110,100111011011001100010,110010111001100010011,101110000000111110011,011110101111101100000,110011100101011101011,111000010011011010000,010111011100010010001,001000011101110111010,101011001101101011100,100000101111010110101,000110110001011011100,111101010001100100101
001001100011110110011,011111110101011100000,000110001101111001011,111000011110110000010,001000011001101111100,011011011010011001111,011110110000100011111,100111010000010111010,010000111100011111001,100011010101010010101,110010101011110101100,101010100111001011010,010101000110111011100,111101001001000011001,000101111111000001110,101001100100101101101,001110001110000110101,101100101000011010110,010011001100101110110,100111111010101010001,110100010011001100111
001111101001110010001,100100101010001110111,110011011011000100001,000010001110110001111,101100110011100101011,011100011110010111001,001010010011011110110,010101001001111101110,110110100011010011100,000000111101100110100,101010101101011101010,111001110000010000111,000111110100011101101,011110111110101000100,101111011100000011110,010011100110100110010,010010111001001011011,111010000000101111101,110100010101111010011,100001111010111011000,001001000111001011101
011101001010100001101,110010001000101110100,110101010100111001010,101000100111101001100,001111000011111110010,101100111001100010011,101001011110010111000,011000100000011111111,011110111101010010100,100101110010011010101,010001101101111100001,111011010001001100101,010010010011110011001,001010011110111000111,101110100000110101001,000111110100100111111,100011101001010001110,010110111010001101010,100110001101001011001,110100000111010100111,111011100110000010011
101001111001001010101,010010011101110011101,010101100100011001111,000111110111111000000,011000100011111111001,101110110000110011100,110111010010001011011,101011000011110100111,001101001101101011010,110101011001010101000,000100011010011110110,110001110100100110010,011011101010010010010,000111101110000111101,100010100101011111010,011011010110001101100,111100000111000010100,110010101011101001110,101000111110010001011,011110110001000100011,111110001100111100001
111000100010111101001,010011011010110010111,110010111001000101110,011011001101111100010,100000101101110010011,111100010100100110010,100111110100101000101,001100011011001100111,011101111001101011000,000101111110010101000,010101100111100001111,010110100001010110101,100101000000111111110,101011100011000110010,001010110100011011110,101110001111110001100,101111010001010001011,101001001100000111101,110001010111011010100,110110001110001011011,000010010111101111001
111101010010011001100,101001000101111100010,100011111100100001111,001101001111100011101,111000011000110010011,010010001110011100110,100001011011000111010,001110110010100110110,001010111101011011000,010111011001101100001,100110101010110101001,111110000111000001011,000101100010011010011,110011100011110010100,100100010101010110101,110100101001101011110,010000110110101111001,111101101100000110000,011001100001010101111,010111000100110111010,101011000000001111101
111110001011100100011,001101100011101001110,011000011110110001010,111011001111011000000,001001011101010110111,001100101100101110000,011010100001110011101,000111011001111001001,111101010100100101101,101001110010110010011,011111110000011100010,100110010011111110100,010111111110000010101,110100001000011011111,110000110101101000111,101110010101000011010,100011101100110101110,010011000110101111011,101010111010001101101,110001111001000111000,000100100111010101001
101100110000001100111,000010011110101100011,110011111000000110110,111010001001111000101,010101101101101000010,101001001101000011111,110100010111110010111,010001100110011110101,000110101010011011110,011111000011010100011,010100011101010101101,001001111010110000100,100111100100110001001,111010110111001001000,100101000011101101100,001110100101100110100,101101011100011110000,111100101010100111001,011111010000101011101,111000000100110101110,000000110001111111011
011011010010110100011,011111001100010011101,101001000011111111101,110001100110001001011,101010101010000111000,010110010001001111001,101010010101110011010,011000110100011110110,111011001101101100000,111100101001100010111,100011011000001010111,110111100001010101110,100101111100110110001,100110000110101110110,101110110111011000101,010011110111100010100,110100011010111001100,001101011111000101110,000010101101111101111,000101101011011010010,001111110000101001000
010100000110110010011,110100001010011100101,010010110010111111000,111011000000110101001,011001011011101000010,000111011111010101010,100110001001101011011,011110111000000110011,011010010111000011101,101011000110001110110,101000110010011001011,010001100001011111111,100001111111100110001,001101101010110011100,000111110100111000101,001100100111101101000,101100010001110110110,110000111100100101110,111010101101011010000,110101010100001011000,110111100011000000110
111000100010111101001,011011011010110010111,110010111001100101110,011011001101111100010,100000101101110010011,111100010100100110010,100111110100101000101,001100011011001100111,011101111001101011000,000101111110010101000,010101100111100001111,010110100001010110101,100101000000111111110,101011100011000110010,001010110100011011110,101110001111110001100,101111010001010001011,101001001100000111101,110001010111011010100,110110001110001011011,000010010111101111001
001011011011010000101,101110001000111100110,011110001111100001100,001001100001101001111,110010101001110011001,100010010111101010110,010101011000101010101,110100110011011101100,000110111110011001011,011000111101111100000,101101000101011011000,110001101110010000110,111111110001000000010,110011010100110101001,010011001011001111010,101001111010100111000,011010010000010011110,000111100101110110100,100100011101000111111,011100000011110110011,111010100110001110101
110010010010101111000,011100000111100110110,111111101001000110000,101011011111100000101,110100100001111000101,100100111111010011000,101000110100010110111,000111010001110101011,000101001100101111101,010011100110110010001,001110100111001101001,111001101010100001011,110001001111011100011,101111000010011010110,010110111010000100111,001001111011111100100,011101010011001010001,000010101001101010011,011110011100111000010,010011110101001001110,011010001001010011101
011101001010100001101,110010001000111110100,111101010100111001010,101000100111101001100,001111000011111110010,101000111001100110011,101001011110010111000,011000100000011111111,011110111101010010100,100101110010011010101,010001101101111100001,111011010001001100101,010010010011110011001,001010011110111000111,101110100000110101001,000111110100100111110,100011101001010001110,010110111010001101010,100110001101001011001,110100000111010100111,111011100110000010011
011101000110100111010,111011011101100010010,001011100110101000111,010111101011000000011,001110011011111101000,100100010011101010110,111111110000001110100,011010010010010011111,000001011111000111101,100111001110011010001,111001101010110000100,101000110111010100011,110000111110001001000,100010101000100111011,111110000101100001101,010100011100111100111,001100101101011011110,110011000001011101110,010010100111110110100,010001110001111011001,100111110100110001110
010101011101010110001,011001100011101011001,010000111101011001110,110110011011100000011,011111110100101000101,001110011110011011011,010011010010111110110,111100000000001110111,101001010111000100011,100111000101000011110,001011001001110101111,111000011100100011100,011100100110110101010,000001101110100010111,001110111011000110100,100101110010010001101,100101111000101101010,111011101000010010010,110011001110001101101,100010100101111110001,101101001111111000100
110010000000101110111,111100010101111010000,101010101100001111000,011000111011001000110,110101011010001011101,111101110000100101011,100100100101010011111,010111011101000110110,011110001110100001101,111011000001010001100,100010110111100101100,001000011001110111001,101001001110110100110,010001000111011101011,010011100010110011010,101011010111000010011,110110101011010100001,001110010010011101110,001101100011101110101,000011111100111000101,100111001001101001010
001101011010011010011,010110100110010100001,011001101011100100111,111010010101001000011,101111001101010110100,100000101111001111010,100111100011000001111,110001110000011111101,110001011110110001110,010011001101101011001,000011110101111000110,011101110111000011000,110111111000100110010,101011100010111101000,110100000011111010100,101010111110100010101,001100000100101111111,010110011011001101100,101100111001110001001,000010010011110111011,011010101000010011110
000111110010110001101,010101111100010010110,111001011000111011000,110100110010001110011,110011001010000101110,010011011111100110001,111110010001100010110,011011110001011100101,011100101011110001000,001000001010111110111,101111000110010110000,110000000111011011101,000110011001011111000,100101101001101100100,101011101001000011011,111100011100000101101,001101010111001001010,110110001100111000011,011010100100101111100,101010111110001000100,100000110101110101010
010110110011010110010,100011000111011100100,010000011111011011101,111111000000010011111,011101000110100110001,100010010010101111011,010011101011110001011,001110001011100111100,001001011010000100111,100101011101110010010,101000100101000111111,111011111001101010000,110101110110100001100,011010011100110101010,010110010101101000111,101110111110010000001,000111101100001111010,001101110001111101001,001000100110111010110,110100101000111100101,111100001011001001010
001001010001101111010,111000010110101000111,011101100110011100100,000101010010110011101,100111111000000100111,101000110011010001110,101011101010111010000,001100101100110001011,010010110001111101001,000110001011101101110,110001001011110100011,100100110111100110000,111100001010000111001,101111000111011001011,010011111110000011010,111111011101100001100,110010000100110111110,011110100001100010111,110100011001011010010,001010011111010110101,100001101101001011101
011110110010110100101,001011110001001110001,010011100111010001011,100000110101110100110,111001010011010010111,111111000100100111010,010010011011101100010,011101011101111000000,100011010110101001101,001101100011101001110,110100111001100011001,100001101010111110000,101100001111000100001,000111001001010111100,101010111000011001010,001010101100100010111,011001111110000111100,000100010110011111011,011000000001111101101,110101101000001100111,110110100111001010100
110101101010110011000,101100111100001001011,101011110110110000110,110110010110000111110,001011110010000111001,000000011010111101101,011110001011010001111,000101000111101010111,011001101000001110110,100111011011001100010,110010111001100010011,101110000000111110011,011110101111101100000,110011100101011101011,111000010011011010000,010111011100011010001,001001011101110111010,101011001101101011100,100100101111010110101,000110110001011011100,111101010001100100101
101001111001001010101,010010011101110011111,010101100000011001111,000111110111111000000,011000100011111111001,101110110000110011100,110111010010001011011,101011000011110100111,001101001101101011010,110101011001010101000,000100011010011110110,110001110100100110110,011011101010010010010,000111101110000111101,100010100101011111010,011011010110001101100,111100000111010010100,110110101011101001110,101000111110010001011,011110110001000100011,111110001100111100001
101101000011011100001,110010111011000111001,100000100110111101111,001100101001111111010,110101110101110000000,010100000111101011101,011001010010110011011,000101111110001000011,101001011100001011100,001111100100100110001,000000011101010110111,111010001101101000011,011011101111010001100,011000111000101100101,010110010100011101000,100110011010110010100,110101001000100101111,110011100000011010111,101110110001000001111,000011010011101100110,111100100110000110110
100100001111010110010,101011100101010010011,001110000101101011100,011010101110001001010,110001001100101010111,110101010100011011000,011000100110110111001,110010000011010001101,101010011100111100001,110111100111101100000,001101000010011100111,000011010111100101010,011111001001000111001,100111101000110101110,000111111110000010101,101001111011001111100,111100110101000101111,000100111011111001011,010010110001011110110,011001011101110000100,111110010010100010010
110100111010100111010,101010111100100101101,010000100111110101011,101111100011001100011,010011111001011101000,001011101010010011110,111100010110011101100,110110101101010000110,100111000100111011000,000101001111100100100,000101110100111000111,111001001001101001110,000010011111001011011,001110010001110110110,011110001010111000001,011101110101000011001,100100101001011111101,111001001100010110011,101000111111111010000,010010100100101110100,110011010011110010101
010101011101010110001,011001100011001011001,010000111101011000110,110110001011100000011,011111110100101000101,001110011110011011011,010011010010111110110,111100000000001110111,101001010111000100011,100111000101000011110,001011001001110101111,111000011100100011100,011100100110110101010,000001101110100010111,001110111011000110100,100100110010010001101,100101111000101101010,111011101000010010010,110011001110001101101,100010100101111110001,101101001111111000100
100001110100011011110,011011101101010101100,001101111011001011000,101110110111000000110,111000001011011000011,100101011001110100010,001110011000010001111,100010011101001110101,101010100001100111011,101001010110100101001,011110010100111110000,010011111100101000011,001011001010101110110,000100000111101101111,110111001110000011010,100111100010011100001,010011010011110010101,110000111010100101100,111111000001101001100,101100101100110010101,011101110000000110111
001000110110110110110,000111100100010011111,011100101011010111001,111100000101101011100,101001001011011010111,110010110001011100101,100100111001110001010,011101010001100101111,101111110111000000001,101110000010111101100,100101101000100110101,000010011011100011101,111011011100010111000,011011101001110000100,110011100010101111010,111000101110000001111,001010001101101100011,110110001111000100110,010101011110111000001,000001111111001101100,011110111000001010110
110000011101010110110,100001101001001111001,111111010011000101010,011000011000101110011,001011111101100100100,010101011111001000001,111010101110001000110,011100100011100011100,011010110001011001101,111111001100111011000,000101111000011101110,100110011010100011101,101100101001110000011,010111100000000110111,000011110011111010010,110001110100100001011,101100110110011110001,000110000101101101111,001001001110010011111,010010101110110101001,110001000010111100101
110100111010100111010,101010111100100101101,010000100111110101011,101111100011001100011,010011111001011101000,001011101010010011110,111100010110011101100,110110101101010000110,100111000100110011000,000101001111100100100,000101110100111000111,111001000001101001110,000010011111001011011,001110010001110110110,011110001010111000001,011101110101000011001,100100101001011111101,111001001100010110011,101000111111111010000,010010100100101110100,110011010011010010101
011011010010110100011,011111001100010011101,101001000001111111101,110001100110001001011,101010101010000111001,010100010001001111001,101010010101110011010,011000110100011110110,111011001101001100000,111100101001100000111,100011011000001010111,110111100001010101110,100101111100110100001,100110000110101110110,101110110111011000101,010011110111100010100,110000011010111001100,001101011111000101110,000010101101111101111,000101101011011010010,001111110000101001000
100011000111011101100,011011101110101001001,010000111111010011000,111110001001000101010,110001010100110101011,101101001100110011100,101000011111100000111,110010100001110011101,010101001011111100001,100000101100101110010,110110010110101010000,011010011100011110101,001011010001111010010,000111011010100111111,010101000101001011111,101111110101000110001,001110100110110100110,011100110001101101100,110111111000011000110,111001100010000110110,101100110010011011011
111000100010111101001,010011011010110010111,110010111001000101110,011011001101111100010,100000101101110010011,111100010100100110010,100111110100101000101,001100011011001100111,011101111001101011000,000101111110010101000,010101100111100001110,010110100001010110101,100101000000111111110,101011100011000110010,001010110100011011110,101110001011110001100,111111010001010001011,111001001100000111101,110001010111011010100,110110001110001011011,000010010111100111001
001001010001101111010,111000010110101000111,011101100100011100100,000101010010110011101,100111110000000100111,101000110011010001110,101011101010111010000,001100111100110001011,010010110001111101001,000110001010101101110,010001001011110100011,100100110111100110000,111100001010000111001,101111000111011001011,010011111110000011010,111111011101100001100,110010000100110111110,011110100001100010111,110100011001011010010,001010011111010110101,100001101101001011101
000111100011111010010,011110000111011001011,101110011011110101000,010100111011001010101,000101010100110011101,011011111000010110011,110011011110011000100,110111110101000101001,001011101001101001101,011100100100111100100,101110110010100000111,110000101110110011001,000000011101101100011,100110001000011111111,110001000011110100111,101001000110001110001,010010010010101111110,111110001101100010110,101000110101011011110,000101101110000101110,111101011000101001010
100101100110011101101,001111001011101000101,100110010101110000101,011101011101010101000,011110110110000011001,000000010111101101011,010011101100011000011,000010111010110001110,010111110001001011110,111000001001011011101,101111001100100011010,100001111111000010000,110011101001100101001,111010000111000100110,101110111000001100010,110011010010111110000,110101011010000000111,000110001011010110011,111100100011110000010,010100101100101110100,001001110000110110111
010001010101001101111,010010001111110101100,001011001000111111011,001010101111001001001,101011011011000110110,000100001110101110111,011001100110100011010,000101111011110010001,011100011000100001101,111111000101010010101,001101100010011101100,100111010100101001000,011110110001101110010,000110111100010011110,110010110010111000111,110111101000000100011,110100001011011011010,111000111100011110000,101100010111110101011,101001101101111000110,100000100001100111101
000000101011110001011,111001001101100001100,001011100100111011001,110111100011100010010,010001110110110100100,100110010111101001100,010111101000001101110,101101010110000101011,001101011001101110000,101011011010011011110,010011010001111000111,101100100001011000101,110000000101011111010,011010110011000111101,111010001010111100001,110100011000110011001,110001111111001010001,011100000110101010111,000111001111010110101,011110111101010000010,100010111100100110111
111101000011011100001,110010111011000111001,100000100110111101001,001100101001111111010,110101110101110000000,010100000111101011101,011001010010110011011,000101111110001000011,101001011100001011100,001111100100100110001,000000011101010110111,111010001101101000011,011011101111010001100,011000111000101100101,010110010100011101010,101110011010110010100,110101001000100101111,110011100000011010111,101110110001000001111,000011010011101100110,111000100110000110110
000101100001100111101,110100000100111010000,101011101100001111000,011000101011001010110,110101011010001011101,011101110000101100011,101000110100010011111,010111011101000110110,011110001110100001111,111011000001011001100,110000110111101101100,011000011001110111001,101001001010110100110,000001000111011101011,010011110010110011010,101011010111100010001,110110101011010100001,001110010010011110100,001101111111010001000,000011111100111000101,100110011001101001010
010110110011010110010,100011000111011100100,010000011111011011101,111111000000010011111,011101000110101110001,100010010010101111011,010011101011110001011,001110001011100111100,001001011010000100111,100101011101110010010,111000100101000111111,111011111001101010000,110101110110100001100,011010011100110101010,000110010101101000111,101110111110010000001,000111101100001111010,001101110001011101001,001000100010111010110,110100101000111100101,111100001011001001010
000111011100011001110,100111110001101101011,010001010101001110110,010101101110100101010,111001011000100011111,010100111001111010001,101001111111000000101,111111000110101010000,010011100011110000110,110000000111011011011,011101010010011101101,111010110100010100010,000110010110100110111,001011011011110111000,110010111010001111100,001011101010001110011,001100100001000011110,011010001101101101101,100001100100111111101,101100001011111100110,110111001001010110101
010110110011010110010,100011000111011100100,010000011111011011101,111111000000010011111,011101000110100110001,100010010010101111011,010011101011100001011,001110001011100111100,001001011010000100111,100101011101110010010,101000100101000111111,111011111001001010000,110101110110100001100,011010011100110101010,011110010101101000111,101110111110010000001,000111101100001111010,001101110001111101001,001000100010111010110,110100101000111100101,111100001011001001010
001111110000111100010,000110100101001011011,110010100010111010110,101111001010010001011,101111100001100111100,101100101111101000000,100011111110100110010,111001101100011110001,011010111001000000111,100100011001011110110,010101111010001011100,010011001101111101101,001011010111011010100,110110110110010100101,110001110101010001010,000000110011110111001,011110011100110011000,101000010100101001111,111010010011001101010,110111010001101010001,011101000111100110111
010100110011010110010,100011000111011100100,010000011111011011101,111111000000010011111,011101000110101110001,100010010010101111011,010011101011110001011,001110001011100111100,001001011010000100111,100101011101110010010,101000100101000111111,111011111001001010000,110101110110100001100,011010011100110101010,010110010101101000111,101110111110010000001,000111101100001111010,001101110001111101001,001000100010111010110,110100101000111100101,111100001011001001010
001011011011010000101,101110001000111100110,001001100001101001111,100001110000011110011,110010101001110011001,100010010111101010010,010101011000101010101,110100110011011101100,000110101110011001011,011000111101111100000,111101000101011011000,110001101110110000110,111111110001000000011,110011010100110101001,010011001011001111010,101101111010100111000,011010110000010011110,000111100101110110100,100100011101000111111,011100000011110110011,111010100110001110101
001111110000111100010,000110100101001011011,110010100010111010110,101111001010010001011,101111100001000111100,101100101111101000000,100011111110100110010,111001101100011110001,011010111001000000111,100100011001011110110,010101111010001011100,010011001101111101100,001011010111011010100,110110110110010100101,110001110101010001010,000000110011110111001,011110011100110011000,101000010100101001111,111010010011001101010,110111010001101010001,011101000111100110111
111101010100010100010,011000011101100111100,110001101001000100110,101101011011001010101,000111110100001111110,010001001110111110010,000011011111010101001,101010011010101101010,011100100111001101011,110110001101011011000,110010111110000010011,111011100010010011100,010111010011100011010,100100110011110110000,111011110101101000000,001110101111110000110,001111101000100110001,100001000101110011111,110110000110100100101,011010010001011110111,010100111000111001101
001011001100100101110,101011110001110000101,011111000110011000100,001011101011011100011,110001011010101110100,110010100010110101010,011100101101110110000,000110110001001111110,111100011011000001010,100100001100011101101,100101101111100000110,110111010101000110011,101010000111101011001,010001000001111011111,010010111111010011101,010111111000101001001,001101100010000111101,101001110100011011010,000110011010110010011,011000110110101100111,111010101000001010111
100100010011101110111,011001110010100011111,100101111100011011001,111010000110011111010,101111000001101001000,111001101111001010100,011010110001111110001,101001011010110110000,000111100111110010010,101010101100100100111,110110111001000010010,111101000001010100011,110010010111110001101,001100110111000101000,010111010100000110100,001110001011010011101,011100011100111000110,110100100000110111100,010001001101100111011,010111101010101100001,000011111001011101110
110011110001010100110,010000111111100101101,011110101100110110100,001010011111001100000,100010000110110111011,101101000111110000100,100111111110000011000,011001010101111011010,000001101011111010001,100100011001111111100,111100110010101100010,000101101110011101110,110000001111001010110,110110100101011001001,001110110011010011111,101010101001101001110,010111000011101111100,101001100100001110101,111101001001000101011,111011011010011001101,000111011100101000111
110101010111000000111,100111100100010101100,100110110101111010010,000001101001111100011,000010111110000110101,111110100010001100011,001111011100001001011,101101001010111010101,011101101100100010010,110011010000100111001,001100010110110101010,001011100011100001101,011011000111011110000,100101111011001101000,010110001011010011011,101000001001000111110,010001110000011011110,110010001110101001110,111000111101010001001,010100000101101111101,011110011001110100100
111101010100010100010,011000011101100111100,110001101001000100110,101101011011001010101,000111110100001111110,010001001110111110000,000011011111010101001,101010011010101101010,011100100111001101011,110110001101011011000,110000111110000010011,111011100010010011100,010111010011100011010,100100110011110110000,111011110101101000000,001110101111110000110,001111101000100110001,100001000101110011111,110110000110100100101,011010010001011110111,010100111000111001101
001111110000111100010,000110100101001111011,110010100010111010110,100111001010010001011,101111100001000111100,101100101111101000000,100011111110100110010,111001101100011110001,011010111001000000111,100100011001011110110,010101111010001011100,010011001101111101100,001011010111011010100,110110110110010100101,110101110101010001010,000000110011110111001,011110011100110011000,101000010100101001111,111010010011001101010,110111010001101010001,011101000111100110111
010010101101100011101,100100011101001110100,001101000111101010011,000110101011011111010,110100110011101001110,110111000000011010100,011001101111011000100,000001010011110111101,101111011110100001000,010110110110111100001,101010001010101100111,011111011001000100111,110000011110010010011,111001110000001111001,100101100100010101111,111010000101110110010,010001001100101101010,111100001001111001001,001010010100011001111,100011111001111000011,001100111000110010110
100010110101001101001,010110101011010101010,000100010011100110111,001011101111100001101,110000101101110010011,111101001001000111100,011011010001111011010,101101100011111100000,011100011111011000101,110111000110101001011,111010011110100110000,111000110010110001101,000001001010011111001,100011010111010000110,101111111010000010011,010111100100010110101,101010001000111100111,001000100110001111110,001101011100110101010,100110111000111011100,010001111000101100110
010101011101010110001,011001101011001011001,010000111101011000110,110110001011100000011,011111110100101000101,001110011110011011011,010011010011111011110,111100000000001110111,101001010111000100011,100111100101000011110,001011001001110101111,111000011101100011100,011100100110110101010,000001101110100010111,001110111011000110100,100100110010010001101,100101111000101101010,111011111000010010010,110011001110001101100,100010100101111110001,101101001111111000100
100000110101001101001,010110101011010101010,000100010011100110111,001011101111100001101,110000101101110010011,111101001001000111100,011011010001111011011,101101100011111100000,011100011111011000101,110111000110101001011,111010011110100110000,111000110010110001101,000001001010011111001,100011010111010000110,101111111010000010011,010111100100010110101,101010001000011100111,001000100110001011110,001101011100110101010,100110111000111011100,010001111000101100110
010010101101100011101,100100011101001110100,001101000111101010011,000110101011011111010,110100110011101001110,110111000000111010100,011001101111011000100,000001010011110111101,101111011110100001000,010110110110111100001,101010001010101100111,011111011001000100111,110000011110010010011,111001110000001111001,100101100100010101111,111010000101110110010,010001011100101101010,111100001001111001001,001010010100011001111,100011111001111000011,001100111000110010110
010100110011010110010,100111000111011100100,010000011111011011101,111111000000010011111,011001000110100110001,100010010010101111011,010011101011110001011,001110001011100011100,000101011010000100111,100001011101110010010,101000100101000101111,111011111001001110100,110101110110100001100,011010011100110101110,010110010101101000111,101110111110010000001,000111101100001111010,001101010001111101001,001001100010111010110,110100101000111110101,111100001011001001010
011101111101010010000,101110111010101010000,001000110001011111011,101011100110010011101,110110000111011110010,000101100111101101000,101110010001000101100,010010110011100110101,100101001001001010101,000110101001110011110,001011010101101010110,011011101000001100110,011111000000111011001,110000011100111111100,110011110101100001011,001010001101110100001,100101010010110100111,000011011011011001000,011100011110001001111,111001001011100111010,111000100011111000100
001110110110110100001,101001111001110101000,010001100111110001011,100100010101010100110,111011011010010010011,111111000100100111010,010010011011101101010,011101011101111010000,100011010100101001101,001101110011001001110,110110110001000011001,100011100011111110100,101000001111001111001,011111001001010101101,111010101100011001100,001010101101100010111,010001111110000111100,000111101100011111011,011000010000111111111,110101101000101100111,100100001010110011100
001011001010101101011,010000111110101100101,110010000110010111010,111000100011111000010,100101101011011110001,101100110100011101011,001110100111100011001,101010111010010001100,011011010101010100001,011101011110111011000,011110111000000010011,110101010010100001111,111110001101001001101,101100011111000110110,100110010000111110100,010100101001110101110,100011111101101011010,011001100000001111100,101001001100110010111,000000010011011011111,000111100110011000110
111101000100101011001,101100101001010011010,001110000001111101101,111000111010001101001,011110011101000000111,100101110111011000101,010001101100010101101,011100010110110111100,101011110000110110111,001011011101011110000,101000001111100100011,100010001110011011111,100101011000101101110,111111001010110000000,010100000011011110011,110110101100101110100,110011000011000111100,001111100110001101010,000111111011100011001,011001101011101010110,110010110101111001010
111101011100010100010,011000011101100111100,110001101001001100110,101101011011001010101,000111110100001111110,010001001110111110000,000011111111010101001,101010011010101101010,011100100111001101011,110110001101011011000,110000111110000010011,111011100010010011100,010111010011100001010,100100110011110110000,111011110101101000001,001110101111110000110,001111101000100110011,100001000101110011111,110110000110100100101,011010010001011110111,010100111000111001101
101100100011100101100,111111101000001011010,100100011101101010110,001001111111100011001,100111001010110111000,001110011010000110101,110011000111001110011,101011110001110010110,010110110101010111000,110110111011111000001,111000011000110101011,000001111011011101110,101101110100011100001,011101001111010000010,101010001101011001101,110011010110000001100,100100100110010011111,000111101100100100111,001110010110111001010,011000101110111110100,010101000001111011101
001011111110110000101,110011001000000111101,111101111001100001000,110100001100111010100,111100110000010100111,101011100100011001010,100101011110000111010,010111111101001100110,100010110010101110100,100000111101011101001,010010111000110011010,110001010011111000011,001001100101100110011,111010010111010110000,100110010101100001111,001000001011111101110,101110101011001010011,001111010000111111001,010110100110100101001,000101100011010011100,011000010110001011101
100111010111000000011,101111100010101010100,111100111000110000011,001101011101101001100,000011101110110001110,110001000100101100111,001001011010011110010,100011111000000101101,110101101101010110000,110110001011111101000,010101101011001011111,001110100100001101011,010010111110101010001,000100010110110111101,111010010110000011110,010110110001011100110,011001110011100101000,001010001001100110111,011011000001011011001,100000110001111011010,101000101111011000101
010100110011010110010,100011000111011100100,010000011110011011101,111111000000010011111,011011000110100110001,100010010010101111011,010011101011110001011,001110001011100011100,000101011010000100111,100001011101110010010,101000100101000111111,111011111001001010100,110101110110100001100,011010011100110101110,010110010101101000111,101110111110010000001,000111101100001111010,001101010001111101001,001001100010111010110,110100101000111110101,111100001111001001010
001101000101100111001,010001111011101110010,101110001001111010010,100000010111110010111,101011001111001100101,000110010011011101011,111000000110001011010,010101100101011000110,011010101001100001011,011100101010010110101,001000011100111101110,100010100101111111100,101110110100000110010,110111000010100101110,111001110000111100001,110100011101000101000,011011010001010011100,010110010100101010101,100101111000001011111,010011001100010110011,000111111110110001000
011011010010110100011,011111001100010011101,001001000011111111101,110001100110001011011,101010101010000111000,010110010001001111001,101010010101110011010,011000110100011110110,111001001101101100000,111100101001100010111,100011011000001010111,110111100001010101110,100101110100110110001,100110000110101110110,101110110111011000101,010011111111100010100,110100011010111001100,001101011111000101111,000010101101111101011,000101001011011010010,001111110000101001010
