00000000000000000000001000111100,0000000000000000010100110000100,000000110000000010010000010000,00011010100000000000100001000,0000000100100001100000100000,000000000000111000000001000,10000000101000010011000000,0000000100000000000000010,001010010000000010001000,00000000100010000100010,0000001000001000000000,000110000000000010001,00000001000000000001,1000000001010000000,000100101000000001,00000000000000100,0001000001000000,000000010000001,00000100100001,1000010010000,001001000010,10000001000,0001001000,000000110,01000100,0100000,000000,00000,0001,000,00,0,
10001100010000000000000010000000,0000000010100000000000101000000,000010010000000000001000100000,10000100000000000000001100001,0000000010010010001001010000,101000000000000100000000001,00001000000000010000110000,0000110000000100010001000,000000100001101100000100,00000000000000110100010,0000011000000000000000,101100010000000100000,00000100000000000101,0010001000010000000,101000000011000000,00000000000000010,0100000000000010,001010000001001,00000000000011,0001000001000,000000100100,00001001000,0100011000,100000000,00000000,0000000,000000,00000,0100,010,00,0,
00000000001010000000110000000000,0000100100001000000000000100000,000000000010001010000100000001,01000010000100010000000100000,0010000000100001100000001000,000000000101100010000000000,00001000000100000010100100,0000001000000010001001100,000010100000000011010000,10101001000100000000000,0000000000001000010100,000010010100000000110,00000100100101000000,0001000000001000000,000000010000000010,00000100010000000,1001000000000010,000000000001000,01010000010000,0000000000000,000000010000,00000000001,0000000000,100011010,10000010,0000000,000100,01001,0001,000,00,0,
00000001000010001000101000000000,0100110100000101000000000000001,000000000000000010010000000001,00000000000100000010000000100,1000000000010000001100000000,001000100000100010000000000,00000001001010000000100000,0110000010001000000000000,000101100000000000000010,00000000000100010000000,0100000011000100000100,000100101100001000000,00000000000000000101,0001100000100010000,000010000001010000,00000000000000010,0000001000010000,000000000001000,00010000100000,0110100000000,000001001000,01000000000,0010001000,000100001,00000010,0011000,010001,00110,0100,010,00,0,
00011000100000000000001000100000,0000000000000000000001110000001,001000010000101000000100000100,00000000000000111011000000100,0000001000100001000000100010,000000001011000001000000000,00000100001000100000110000,1000010000100000100010000,001001000010000000000001,10000000000010011010000,0000000001100101000000,100110000010000000000,00000000101000000000,0000000110000001000,000010100000000000,00100000010000000,0000000001001000,000000000010000,00001001000000,0000010100100,100000000000,00000000000,0000000000,000000001,00100000,0010000,001000,00000,0010,110,10,1,
00000100010000000110010000000000,0000001010001100000000000100000,011101000000000000000000000100,00000000011010000010100000000,0000000000001010000110000001,000100100000100000000100100,00010000000000000000001000,0100000001001000001000000,000000000001011000000010,10000000000101010000000,1000010000000000000001,010000000000000000000,00000101000000000001,1000001000010001000,100100000000000000,00000100000010100,1000000000000110,000000000000010,10000000000010,0000010000000,000000000001,00100000010,1001010000,010000000,00100001,0001000,111000,01000,0101,010,00,0,
01000000000000000011000010000110,1001000101000000000100000000000,000010000000000000000000000101,00001000000001000100000100001,0000100010001000010010000000,000010010010001100000000000,00001000010000001010011000,1000100100000010000010000,100000000010000000010000,01000000100000100000000,0010000110000000000000,000000000000000000010,00100000100111000000,0100000000000000001,101100001000000010,00000000000001000,0000010000101100,001010000000000,00001100000100,0000001001010,000100010000,00010000000,0000000000,000010001,01100000,0000000,000001,00010,0000,000,00,0,
00001100000001000000000001000000,1000000000000100010000010000000,000000000010010100001000100000,00000001100000000100011100000,0010010010100000000000001000,000001011000010000100000000,00010000011000000000000010,0000000101001000101000000,110000000001000000100100,01000100000001000000000,0000000010100000000000,000110000000000000000,00000100000110000011,0000000001000000000,000000000000111001,00000000000010010,1100000000001100,000000100000000,01000000010000,0100100000000,010000000000,11001010000,1000001010,000000000,00000000,0001000,000100,00000,0000,000,01,1,
00011000100000000000001000100000,0000000000000000000001110000001,001000010000101000000100000000,00000000000000111011000000100,0000001000100001000000100010,000000001011000001000000000,00000100001000100000110000,1000010000100000100010000,001001000010000000000001,10000000000010011010000,0000000001100101000000,100110000010000000000,00000000101000000000,0000000110000000000,000010100000000000,00100000010000000,0000000001001000,000000000010000,00001001000000,0000010100000,100000000000,00000000000,0000000100,000000001,00100100,0010000,001000,00000,0010,110,10,1,
10100011000000000010001000010000,0000000000000000000010000100000,000000000000110010000010000100,00000000000010100000001000010,0001010001000000000000001101,000000000001001100001000001,01001000000000000000100000,0000100000000000000011000,000000000000100000000100,10100101100001000000000,0001000000001100000000,001011000000000110000,00000000100000001010,0000100010000010001,000000000000010010,00000000001010000,1000000000000100,000000000000001,00010010000000,0001010000001,011001000100,00010000010,0000000100,000000000,11100000,0100000,000000,01000,0000,001,00,0,
00001000010010000001000100001000,0010001001000000000000010110000,000000001010100100001000000001,00001100100110010000000001000,0000100000000000001000100010,000001000011000010100000110,00010100000100010000100000,1010000000000000001000010,000000000000000000001001,00100000001000000000100,0000100001000010000000,000100000000000010000,01000000010001000000,0000110100000000000,001000000010000001,00000000000000000,0100000000000000,000100000100001,00000000100000,0100010000010,000000010001,00001010000,0000000010,101000001,01000000,0000100,010000,00000,0000,000,00,0,
00000110000000010000000001000001,0000010101000000000000100000100,000001100000010000000010000000,00100000000000100000000001110,0001000000000000101001000100,001010000100100000100000000,00000000101000010001000000,0000001000001000000000100,000100000010000000000100,01000100000000010000011,1001000000000001100000,000000010000001001000,11000000010000010000,0100001000000100000,000000001000000000,00000000000000000,0100000000100000,010011100100000,01100100001000,1000000000000,100010000000,00001000000,0010010000,100000001,00000000,0000000,000000,00010,1001,000,00,1,
00001000100000000000000010001000,1010010000000000000010000000000,000010110001100100000000000000,00101000010100000010010000000,1000000100000000010000000100,000010000010000000000001010,00000000100000100000010010,0000010000000001001000000,000001010000000000000100,00101001000000010000000,0000000010100100000000,001000011010000000001,10000000000000100000,0000010000001000000,010000000000010000,00000000000001001,0000000000000010,000000001000110,01000000100000,0100000000000,010001001000,00000100000,0010000000,110100011,10010000,0000000,011100,00001,0000,000,01,0,
00000000000100100000010010100000,0010000100000000001000000000100,100000000010010000001100000000,00000000001001000000100010001,0010000000001000000000100010,000000000000000001000110100,01000011100001000000000000,0000000111010000000000000,000000010100000010000010,00101000010001000000000,0000000001101010001001,000100000000100001010,10001100100000000000,0000000000000001100,000000000000010000,00011010100000000,0000000010000000,100000000000001,00000001000000,0001001000000,100000000000,00000010010,0000000101,000100000,00000000,0001000,010000,00000,0110,100,00,0,
00000000000001001000000000101010,0010000001001000100001011000000,000110000001000000000000000100,00000010000000111000000000010,1100010000110000000001000000,000100000001010100000000000,00000000000001000000000001,0111000000000000100010000,000110011000000010010000,01010000000000000000010,0000010000000100000000,100000001000000000000,00000000100000100000,0010000000000000011,001000001000000000,00000010000100100,0000000000001000,001000000010000,00000000110000,0010000001001,000000000000,01000100000,1000010101,000000000,10100001,0000100,000010,01000,0000,000,10,0,
00000010000010010000000001001000,0000001000001001000000000011000,000000100000000010001000001000,00010010001000000000000100010,0000010000000000100011010000,110000000000000110000000000,00000000100000010100001010,0000000001000000000100000,000000100100101000000000,00100000001000000001000,1000010100000000000000,100100000000000000001,10000000100000000101,0000100000000010010,000001000001000110,00000000000000010,0010010000000100,000000110000001,00001100000000,0001010000010,010001000000,00010000100,0000010001,001100001,10000000,0000000,000000,10000,0000,000,00,0,
00000000001000000001000000010000,0010001110000000000000100000000,010000000000001010001000000001,00100100000000000001000001010,0000000000100110000000000100,000011000000000110001000000,00000000000010000100110000,0001000000000000000001101,000001000000000101000000,01000001000000010000000,0010000000010000010000,000000000000010000001,00101000000001010000,0000100000000010001,010000001010010000,00000010010001000,1000010000100000,000000001000000,00000001100100,0000000010000,100000010110,01100000100,0000101000,000001000,00100001,0000000,000010,00000,0000,000,00,1,
00000000000000010100100000010000,0000000100000000000000100101000,000000101010010000000000000000,00000001001100000001000010100,0000000000110000000000001001,001010000000001010000000000,10000000000000011010100000,1001000000000100000100000,000000011000000101000000,00000000100010001000000,0000000101000000000000,000000010000000000101,00000011000001001010,1000000100010001000,000000000001110000,00001001100000000,0000000000010010,100001000000001,10101000000000,0000100000000,000000100010,00000001000,0010010001,000000000,10000000,0000110,000000,00000,0000,001,10,0,
10100000000100000000001000000000,0000100000000000000100011000000,000110001000000000000000001010,10001000000010001000000000000,0101000000000000000100100000,000010010100000100000001000,00000000001000000000010100,0010100010000000101000000,111000000000000000000001,00000000100010001001100,0000000000000000010000,010000010000000000010,00001000010000000001,1001010000001000000,001100000110000000,10000001010000000,0000000010000100,000000000000101,01000000000000,0010000010000,100000010010,00100001001,0010111000,100010000,00100000,0000010,000000,00000,0000,000,00,0,
00000001100110000000001010001000,0110000010100000000000000010000,000000101000000100000000010000,01000000000000100000100000100,0100100000000000000000100000,000100000011000000000000001,10000000000010001000100101,0011001000000001000000000,000100000000000000000110,00001010000000000000000,1000001000000011000000,000000000000100001000,00000000010000000001,0000000001000010000,000001110000000000,10000010000101000,0000000000000010,010100000000000,01001001000000,1000000011100,000001001000,00100100010,0000000001,000000000,00001010,1100000,000011,00000,0010,000,00,0,
00000000010000001011000000000000,0000101000010000000000000101000,000000001011000000100110000000,00000000010010101000001000000,1000000010000000000000010110,000001000000010001001010000,00001000000001000000001010,1011000010000000000000001,000100000010100000000100,10100000000000010100010,1000000100000000100000,000000000000000000000,00000010000000000010,0000100000000000000,001000000100100101,00110010010000001,0000000101001000,000001000001100,00001000000000,0000001000000,100000000010,11000000000,0000011001,000000000,00000010,0000000,100000,00000,1000,000,00,0,
00000000000000000011000000010001,0100010100000000000000000000011,000000000110000000100000010000,00000000010001000000010000010,0000000000111000000000000100,000000100001000010100000001,10000000000001110000000100,0000001000010100000000000,000001000000000100011000,00000000000000000001001,1000000000100011000001,001100000001000100001,00000100100100000010,0010000001010001000,001010000000100000,00001001100000000,0010000000001100,000010000000000,00001001000110,0000001000000,010000000010,00000000000,0001001000,000000000,10000000,1000000,000000,00010,0001,000,01,0,
00001000010010000001000100001000,0010001001000000000000010110000,000000001010100100001000000001,00001100100110010000000001000,0000100000000000001000100010,000001000011000010100000110,00010100000100010000100000,1010000000000000001000010,000000000000000000001001,00100000001000000000100,0000100001000010000000,000100000000000010000,01000000010001000000,0000110100000000000,001000000010000001,00000000000000000,0100000000000000,000000000100001,00000000100000,0000010000010,000000010001,00001010100,0000000010,101000001,01000000,0000100,010000,00000,0000,000,00,0,
00001000000011000000100000010010,1000010000000000000000000010100,010000000000000000010000001000,00001000000110000000100000000,0100100001000000000010000000,001000000000100000010010000,00100000000000000100010000,0000100010000000011000010,000000000000000010000001,00010100100000001000000,0000001101000000000001,000100010000010001000,10000000000000001001,0100000100000000000,010000001000000001,10011000000000000,0000000000100000,010000100000111,00000001100000,0001000000100,010000010000,10000100000,1100101000,001000000,00000010,0000000,000010,00100,0100,001,00,0,
00000100001010001001010000000000,0000000000000100001000001000001,001000000010000000100100000001,00000010000010101100000001000,0011000000100000000100001000,000000010010000000000000100,00000100001000000000001001,0000100010000001000000010,100001000001000000000000,00000000010000000100001,0000000010000100000000,001010000000100000000,00010000000001100000,0000001000010100000,010000000010010000,01000100010000100,0000000000000000,000000000000100,01001000000100,0000100110110,000001000010,10000010000,1000010000,000000101,01000000,0100000,000000,00000,0010,001,00,0,
00000010000000001000001000100000,1001000000000000011000000000000,100000000000000010000010101000,00000100000101000000000000000,0000000001011101000001000000,000000000000001000000010010,00001000110010100000000000,0100000000000000000000110,001000000000000001100011,11010000001000000000100,0000010000000100100000,010000110000000000000,00000100000100010000,1000000001000001000,000000000000110000,00000100100000010,1000000000000001,000011000000000,00000110000000,0010000000000,000001000000,00001010100,0000000100,100001000,00000010,0001101,001000,10000,0100,000,01,0,
00010000100011010000000000000000,1000000010000000000100001000000,000000000001001000110000010000,01001000000000001010100100000,0100110000000100000010000000,010000000000000000111000000,00000000000000010000000001,0010001000010001000000000,001000100000100000100000,01000001001000000000000,0000000000001000100000,000001000001001000000,00001000000100001001,0010000010001000100,100000000000010000,00000000010000001,0000100100000010,000000000000010,10100010000100,1100000000001,000000001000,00000000000,1000000001,000001000,00000000,1001010,000000,10110,1100,000,00,0,
00000001100100000000000101000000,0001110101000000000000010000000,010000110000000000001000000001,00010000000001010000000010000,0000000000010000001110000000,000000000000000100100000000,00100000010010000000000000,0000001000000010001000100,001000000011010100000001,00000001000000000000010,1000000000100000010100,000000100000010000000,00000000001000100000,0000010100011100000,000100001001000000,00010001000001100,0000110000001000,101000000011010,00001000000000,0001000000000,010000000000,00001001000,0000000100,000000000,00010000,0100000,000000,00111,0000,001,10,0,
10000000010010000001000100000000,0000100000100110000000000000000,001000000000100100010000000001,00100001000000011000000000101,0000100010000000100000000001,000001010001000000000100000,01100000001000000000001000,0010100000100000000001100,000001001000010000000000,00000000100000000100010,0000000000000001100001,000000000001000100100,00010010110000000000,1000010000000010000,010000000000000110,00100001000000000,0000000000000011,000000101000000,01000000010010,0000000010000,100100000000,11001000000,0010000000,001001000,10000000,0111000,010000,00000,0000,000,00,0,
01000100100000000010000000000000,1000000010000100000000100100000,000000100000000000001000100000,00100001000011001000100000000,0010100000000000000010010000,000000100000010011000001000,00000000000100000001010011,0000000001000000000101010,110011000100000000001000,00010000000000010000000,0101100000000000010000,010000000010000000000,00000000000000000110,0000000010000000010,001000101000000001,10000010010000000,1010000010000000,000000000000000,00000000001100,0000000001000,100100000100,10001100100,0001000000,000000001,00001000,0000101,010000,00010,0000,000,00,1,
