1101111100010100,0111110010001110,1100110000111011,0110001110011001,0001001100101111,0101000011110101,1001010111001001,1111011001100010,0011101001011001,1010111010100101,0010010101010111,0000111111111000,0100101111000011,1110100101101100,1011100110110010,1000001011011110
1011011010101010,1100001001111011,1100010110100101,0100111111001000,1001111000011101,0010101100101111,1111001101000100,0111010100011011,0101110001100110,0010011011010111,1001101110010011,1110100010011110,1010110101110000,1011100011001001,0001000111111100,0111101010110001
1110101010101100,1101001001001011,0100110011011101,0011100111101001,1001111110011000,1000101101110101,0110001111010010,1111010101000100,1011100010010111,1000010110101111,0011011000111101,1010110001111010,0001111011100110,0110111100000011,1101010010110001,0101100100111110
1011101001101001,1010110100111100,1100001000110111,1001110010010011,0111010001110010,1100111111100000,0111111100000101,1101100101001110,0000011101011011,1110010011001101,1110101110001010,0100101011011100,1011001111010100,0101000110111001,0010100111100111,0001011010101110
1011010100111010,0101000101001110,1000110111011001,1011001110001101,0110011101000011,0011111001010100,1110010011000110,0111000011110001,1000001001110111,0010101011101010,1110100101100100,0110100000011111,0001110110100111,1101111000101001,1101101110010010,0100011110111100
1100000001111111,1110111001001000,0100011110101101,0001101101001111,1111001100100110,0101110011100010,0110100110011010,0011011000111011,1101101010010001,1010110100100111,1011010010001110,0010101011110100,1000011111010010,1011000111101001,1001110100111100,0111010101010101
0001101011110011,1110001001001011,0111011010100101,0010111101101000,1101100101110101,0100111000011110,1011100010101110,1111110011010000,0011010100011011,1100110110100011,1010101110010101,1001011101000110,1101001110111000,0110000111110110,1000010011111101,0101100111001101
0101110111000101,1000000011100111,0010011101000110,1001011101101001,0011101010101100,1100101101110100,0110100101101011,0110011010110001,1111001100000111,1100111010001010,1111000011011000,1010110000011101,0101010000111110,0001101001010011,0000001110011111,1011110110110010
0111011010011001,0111111100100010,1011010111110000,1100111011000100,1101010000111110,1000111100111001,0001101011111010,1110100010110011,0111100101101101,0010110110011110,1011101000010100,1001001110000111,0010011001110111,1011110001001011,0101110101010011,1110001101011010
1010011011000101,0100100011010110,1111111000010000,0101011111100000,1001000101011100,1100100110001001,0011101101000011,0101010000001111,1110010101110011,1001001010110011,1011110110100110,0010011110011010,1000111001101010,0110001000101100,0011110011111001,0000111100110101
1101100100110101,0110011000110110,1000001110101110,0100101010011011,1010100001011110,1110010110011000,0000010111010111,0010110010101101,0001110100111010,0011001101111001,0110100111100010,1100010001101011,0100111101001100,1011111100000011,1001111011110000,0111000011001110
0011111101100010,1110001100110110,0010101010101101,1011101001011100,1010110110011000,0111000111001100,0110110001010111,1101111010000100,1001100111110101,0100011011111000,1111010000101001,1000010011101110,0001011100011111,0101100010111010,1100101101001011,1011001011010011
0001111111000101,0101101010011010,1111100010100100,0110011010110111,1100110100011101,1010101001010110,1100011101100010,1110001111001001,0111100101110011,1011010110010010,1001000011111111,0010100110101110,0011001100111100,1011111000101011,0010110011111000,0111010001001110
0000110110101101,1000111101010011,1101010110011000,1011000110001011,0111110000110011,1110011011100101,1001001000111101,0101101011001001,1010100011111000,1101100101100110,0110000101011101,1110111000001110,1100100010010111,0001010011011110,0011101110010100,0100001110111010
1011010011011000,1001001100110011,1000111110101100,1110000011100101,1101111001000001,0111011010010100,0111001101001100,0001100111010101,0100101011111010,1101100000111100,1111100110000010,1010101000011111,0110110100111001,0101010010001111,0011110001100110,1100010101010110
1001101001101010,1110100100001011,0110011011001010,1011011100001100,0101111000000111,1000110010011110,0000111110111001,0010101101010110,1100010001111101,0111100010111100,1101110111010000,0011010100110010,1011001010010011,1010110011100101,1100001110100110,0001000111001111
1011101110001100,0110111100001011,1100111011100001,1000100110111011,1010111000110110,0101100010100111,0111100001111000,1001110001001111,0010001011011111,0011010111100010,0001011100111101,1111000101010101,1100001101101110,1101011010011010,0100110111011100,0001101101010010
1110101001100100,0000111111110000,1100001101011001,1000011010111110,0011101000111001,1010010011101001,0111100011011010,0100111010001101,1001101110000011,0111000110110101,0000100101101111,1110110100010011,1001110001010101,0101011001100011,0011011101001110,1101110100101000
0000111101000111,0111101000010110,0100111111110000,1101011001101010,1100000111011110,1101101110001001,0110001100111011,0001100001111101,1110100011100011,1111010101010001,1010101001011000,1011001111100100,0110011011001101,1110110100101100,1000011010110111,0011110110011010
1010001110101001,0011000001111011,1000101001010101,1010010000011110,0010111011110000,1100110100110011,1101000010110100,0100010111011101,0111101100011000,0110001101100110,1001110101101100,0101011010101111,1111010001000001,1001011111010010,0011100110000111,1100100011001010
0001001011001110,1010011010011011,1011001111100000,0101101110010001,0101010100101011,1001101000101101,1100000110111100,0110110011100101,1100111100000110,1001010101010101,1111100001011010,0111011000110100,1001110010110010,1100001001110011,0010100100110111,0000111101111000
1100100100111010,1100011010100110,1101010110010001,0101101111000010,0000010111011110,0111000001110111,1000100011101101,1011001100001111,0100011101101001,0110101010011000,1110110101000100,0010110110100011,1000111001010011,0101110000001111,1011010011101000,0001111100110100
0100101101111010,1011010000110010,1010101100010101,1000001011011011,0011001111000110,1001100111100001,0101011110010001,0000111010100111,0011110001011101,1000010110111100,1110111011000000,0110100110001011,1100010101000111,0110000011110101,1111001000101101,1101100010010110
1000010110011111,0011110000110101,1101000111100101,0100111110101100,1000101101110110,0011110111000010,0110001010110011,1111100100111000,1011001010101110,1010011101101001,1110110011010100,0110100001001111,0001101011011001,1101111000000011,0101010001111010,0111001100010100
1101010001111010,0101100110100110,0111001000010111,1111111011000100,1010110010011110,0010111101110110,0011110001101101,1100100101011101,0100111010110001,1011000111110001,1001111100000011,0001101011011010,0001011110011100,0110010111001011,1000001011101111,1110101100101000
1110000100110111,1000011111100110,0011011010010011,0111000011001110,0000010001111101,1110111001010100,0100110110011010,0010101101001011,1101011100001101,1101110001100011,1010100010101001,0101001111110000,1001101000111110,1001100111010101,0100101010100111,0011110100100100
0100111100001011,1011110000000111,1000011011100011,0101100001110011,1000101011011110,0110011000110110,1100000110010111,0001101110100110,0001011101010101,1010101110110001,0111010011001000,1100110101100100,0010000101101111,1111001101000010,1101001000101101,1001010100111010
0001100110011100,0011111000000001,1000011101011001,0110110101110100,0111001111010010,1000110011010111,0000011110100111,1110110110001010,0100101001001111,0101010011101001,1111000100000101,1100101010110001,1001100101100010,1010001011101100,1101011000111110,0010000000111011
0000110101011110,1010100111111001,1100011011011101,1011011100111100,1111100010011110,0001100000101101,0101110110110000,1001010111000111,0010111010110111,0100001111101110,1100111100001011,0111101101010101,1001101001110010,1110110001100100,0111010001111011,0011111011001000
1110011001010100,0110001110100101,1101011100000011,1000101100111110,0111100101000110,1011010010100110,1010100001110011,0001001011011111,0100010111111010,1101101011101000,0101110000111101,1000110111000101,0110111010001011,1111000110011001,0011011101101001,0011111110010000
1000011100111110,0101101110110000,1011100110011100,1101011001011001,0010010111110001,0011111100000011,0111010010101011,0101010111000110,1100100101101011,1110110010010010,0111000000110111,0000101011011111,1001110010100101,1011001011100010,1110001110000101,0110111001101100
0101001001110111,1101111000101010,0100100110011110,1010011001011110,1001101011001101,0010100101101011,1100110101010001,0111011101001000,1011101100110100,0110101000011001,0011110010010011,0000011110111001,0110111011100100,1110001110000011,1111000011111000,1111010000101101
1100110010011001,0101011010110010,1001110011100111,1011010110001100,1001101101011010,1110100110110110,0111101011000000,1010001010101011,0010111001111100,0111000001011111,1100011001000110,0101101100101101,1111010101110001,0000001111010101,0010111100000011,0100010111101010
0100111001010010,0110010010100110,1100101000101101,0000011111101000,0101010100011111,1010110101100011,1110000011011001,1111011100110000,0011111010010101,0011100101111100,1000001110010110,1011011001001110,1001110010111010,0101001011100011,1101110111000100,0111101110001010
1001011001010100,0011011110111010,0000101101011110,0101100111110000,0101001010001101,1110101000111001,1100111010100110,0000000011110111,0111110000010111,1011101111000011,1111000001101110,1001110100101101,0110011101100101,1110000110010100,1100010111011011,0010110011001100
0110111001001101,1000101001111110,1011001100011101,0110110110010110,1101111000010011,0000011010110101,0101000011011111,1111010001110100,1100010100101111,1010010111000011,0001110101111001,1001110010001100,1110100010111001,0111011010101010,0011100000100111,1101101111100100
0110010100011111,0001011111100101,0111111001000011,1001110100110011,0001111010011110,0101001010111001,0100111101111000,1000001001101111,1101100111001101,1010111110001001,1111010000101100,0010100011110101,1100010011010010,1011001101010100,1110101110100110,0011000111101010
1110000001001011,0011100000110111,0101010100011011,1011011010001110,1101000011111100,1100111010110011,1000110101011110,1111110100101000,0110010111100110,0101111001000101,1011110111010001,1001001101100010,0000101110101101,1110001100010100,0010011001111001,0111101011011010
0100100001101111,0101011100111100,1100011111100010,1001001001110101,1011010001001110,0010010010111011,0011101111101000,1110001010001101,0110111001010000,1111110100100001,0111000111010011,0001111010000111,1101100010011000,1000110111011101,1010100110110110,1000101100011011
1011010100011110,1110011100100100,1101000111101001,1011110011000100,1010001001011101,1001001010110110,0010011011101011,1001111100001001,0000110110111101,0101011101010111,0111100000101111,1110100110010011,0111011010011000,1100110001111010,0100101111001110,0011101101110000
1110100010100101,1000110101111001,0110110100010110,0010010011101110,1110001001001011,1111010010011000,1101000001110110,0101010110100011,0100011011010101,1011001111110000,1100011100101100,0101100111001100,1000000110011111,0011101000111101,0100101010111010,1001111010000110
0110100101111110,0111110000100011,1110010011001101,1011000111100010,0011011101111001,1000010100101111,0101010110110100,0011111110001110,1011100100010101,1001111001110110,1110011100010010,1101001010011011,0000110111010011,1010110010111000,0010001010110111,1100101111100001
0010011110001111,1111010111000010,0010110111100001,0001001111111010,1100100110011001,0110100001011110,0011111100010000,1011101010101100,0111010000111001,1000110010110110,1100011101101100,1110001000110011,1001111001001011,0101100100100111,0101011011010101,1011000101010101
0110001111111000,0011010001011010,0001100111100110,0111101000010111,0101011100101110,1110100010101010,1010110100110100,1100111101010010,1010001101001111,0011111110001001,1000011010110011,1101000110011101,1111011011000100,0100110001101101,1111000101100001,1001101001111000
0010001111000111,1011010101001010,1000101100101101,0101001001101110,0011011000110111,0110110110111110,1000111011100010,1110101000011011,1110001101110000,0101111101000001,1001100101010110,1100010011011101,1111101010000100,1101000110100011,0001001110011000,0011100011111001
0101100101010011,0000001110011111,0100111110000101,0111000010001111,0010110001100110,1100000011110101,0011010111100001,1001110011001000,0110100110111000,0110011001011001,1110001111000010,1011101000100001,1011010100010100,1100010100101011,0101001101101100,0101011010110010
0010101001101110,0110111100010011,1011001110011000,1001110010001010,0010010011011101,0111100111000100,1111010001110000,0001100101111001,1100101011001001,1100000101011110,1110010100101101,0100011111101010,1001011101000111,1000111110110100,0101001010110111,1010000111100011
0100001010101110,0101111100100001,0100010101010111,1001001101001011,0010000111111001,1000110111101100,1100100000011001,1111000001100101,0001101011010101,0011100100111110,1001010010110011,1010111001110010,0111110011001010,1010100110000111,1111011110010100,0010011000001101
0101101010110111,0110010100101101,1110001100010011,1111100001000101,0011101111100001,1010011011010101,1101001110001100,1100100011111000,1010101000101110,0100111101000110,1001110100110100,1000110110001011,1001011001101011,1111010010100010,0111111000011000,0011000111011110
1010101100100111,1101000010101110,0011111110001100,1001110101100000,0110100101111100,1000011001011110,1011100011010010,1101101000011001,0100111011101011,0001001111110101,1111010001000101,1110001111001000,1010010010111001,0111011000110010,1100010110010011,0011000101001011
1110100111101000,1100001011110011,0001001111100100,1011011000111000,0111001010001101,1000111010001110,1010010110010101,1111010011000010,0110111001010100,0010011101101011,0001110011011001,1011100001100111,0011101110010010,1101000101011110,0101110110110110,1101111100000001
1001001100010111,0011111110100100,1011000011010110,1010110100011010,1100011010101010,0011001001111000,0000111011011101,1111101010001001,0110101001000110,1110010000110101,0101100010111110,1100101111110000,1101010101001100,0111010111010011,0010000111101111,1001110001100011
0110011100111011,0111011001000100,1001001000110110,0101101110010101,1101010011011011,0001111111101010,1110101011100011,0011000010101101,1111100100001110,0110100001111000,1010001111011100,0010110010010110,1100111010101100,1111010110110000,1011111000011001,1000110101100101
0001101110111011,1110011110010001,0010110101001111,0001001101010100,1010111011110110,1000010110101100,0111100010011100,1111010100110010,1011001000001111,1001110001011001,1110101101101000,0101011011001010,0101111000100101,1101100111000111,0100000001111111,0011000011100001
1111011001010110,1010111111100000,0001011100100111,1101100101101010,0100011101111001,1111110100010001,0111010010101100,1101001011100001,1001010111011100,0011101001001101,1100111010001011,0011001110011010,0100101110110100,0110000111000111,0001110011110011,1010000000111111
0011010101001101,1110000111100110,0100111101001010,0110011010111111,0011100011011010,1001011110010110,1000001111111001,1000110001110111,1010111010000001,0011101100100111,0101101011000101,1110100100011100,1001110010101100,1111011001110000,1101000000001011,0101110110110001
0000010100101111,1010110110010101,1100101111001011,1001010101011000,1011011010100010,0011100101100001,1111100000001110,0001101110111100,0110110011101000,1101000011100101,0101111000010011,0011001011011111,0110000110110010,1000101001110110,1110001000111001,0110011101000100
0110001011100101,1010010011001110,0000011111111000,1101000011101001,0110100110011011,1011001010010000,0111110001110010,1111101101001100,1010110000111101,1100000110110110,1000101001010011,1011011100100011,0001101010101110,1100111010000000,0101011000011111,0001110111010101
0101011001001011,0111001010011100,0101100001110101,1110101001010010,1111010100100110,1100100010001111,0110111110100001,1000001101101101,1011110011101000,0011100100011011,0001111111000110,1001001010110011,1010010011010101,0100010111111010,0000111000111110,0010000011100111
0011011111000011,1011010110101100,1000100110110011,1101010010011101,0111100100001111,0110110011100101,1110111100010000,0000101111011100,0101111010100110,1011100001010110,1110001011001010,0010011000111111,0101010101111010,1100001101100101,1001111001101001,0111001010110001
1011000010011101,0011101100010110,1100100011011110,0101000110110011,1101011101010001,0110001111111000,1010100111000011,0110111000001011,0000111011110101,1110001001100111,1000011110101110,1011010001111010,1101101010100000,0001100101101101,0111010011000100,1110110100110100
0101011101001101,1101100100110100,1000110000011111,0001011010110001,1100101011011000,0110010100111010,0111111010000110,1011001000101110,1111000001010011,1001111101100010,0001000111011110,0010101101110101,1100001110000111,1110010011100100,0101100011101011,1011110110001001
0101101110100011,1110001001101011,1011101111010000,0011111000001101,0111011101010110,1011010000100010,1000011011100101,0010110011010011,1110100100110101,0010001110111110,1000110101001110,1110010110001001,1101000010011111,0001010101111001,0111100011101100,1100111000111000
1111000110100110,0011101110001001,1001111101100000,1110111000000101,0101111100110011,1010010101101011,0010110111010110,0011001001110101,1100000111010001,0101010101001100,1111100001011010,0100101011101111,0110011010111000,1000001100011110,0110100100111100,1001110010111101
1100011111100010,1110101101011000,0110011001010111,0010001110001110,0101000111111101,1101001000001011,1110100010100101,1000110101001111,0011111011101001,1001101011010110,0000101110110001,1011010110010001,0100110010011010,0011100100110010,0101111100000100,1000011000111100
1011001110110000,0001011011000011,0011010000111101,0000101011111010,0111101100001011,1101111001101000,0001100101100110,1101000010011110,0110011111101110,0100110111010000,1000110110101011,0100101010100101,1000001101011101,1110000001110011,1010111000010110,1011100011001101
1011110011100000,0001010111101011,1000101011011010,1101001101100001,1010011110001101,0110100010101001,1000110100110011,0010001001110111,1101110001001111,0110010101011000,0001111000111100,1111000110111110,0111011010010011,0001100111010101,0011101100001010,0100111111100110
1100111000001100,0101010010110110,0101110001101001,1000101110100011,1000011011011011,0110110100111010,1111001001100010,0010101011111100,1010010101110101,1011010110101000,0101111111010000,0110000111001111,1001100101011110,0011111000000111,0101001100111101,1111100010010001
0110001010111011,1101101011001110,0100010001111100,1010111011100000,1101011001010001,0011001111011000,1110100101010010,1011000011110111,1001100110111001,1110010111001101,0111110010010100,0011110001001011,1010101000011101,1011011100101110,0000111111010111,0111101101100101
1011001100010011,1110100010010100,1000010011110111,1001100111111000,1101001000101110,0011110001011110,0110001001111001,0111010110001011,0011011111100100,0000101111001111,1100011100011100,0101100100110101,0000111010110010,1010110000101101,1110110101100010,1101111001000001
0011001111101010,0110011110100101,1000000010111111,0110100011010110,1100010101111000,1010101100011100,1001011110010110,0000110101001111,0101101100110011,1100111010001010,0001111011111100,1010011001110011,1111110000100110,1011100111000001,1101001001001101,0111010000011001
1101000111101010,0101101001011100,1011111011000010,0010101110110110,1110001011110001,1000111010101001,1110110101100100,0001011101100111,1011001100001101,0010100101011011,1000010111011100,1100011100011010,0110010010001111,1001100000110111,0011010000111000,0101110110010001
1100110011100011,1011010011001101,1010101100101010,1001100111110100,1100111001011100,1110100110010101,0011101010010111,0010011101110001,0111111110000000,0110000111011010,0111100001101101,1101001010111001,0100011110101110,0001110100011011,1101001101000111,1111010000110110
1011001111100001,1110011001001101,0100101011010011,0001010111011101,1010100011111100,1111110101010000,1100000100110111,0011100001001111,0010101100010101,0111110010100101,0111011100111010,0000111101100110,0100100101101001,1101101110001100,1010110110001011,1001111000111001
1101000100010001,1110011011000000,1111110100100110,0111000001111100,0010110001010011,1011000010011110,0111101000111000,1010101101001101,1001101011100011,1000110111111000,0101110010001101,0001011101001010,0100101111010110,0011011110110101,1100011000111111,0110000110101011
0101011001111100,0010001101100110,0000110111011110,0101111010100111,1011110100110100,1110010011101101,0111000100011111,1010111001011011,1100101101010101,1101010101000010,1000001110111010,0001100101101001,0011011111010001,0110111100001000,0110100011110010,1011101011001100
0000011101011101,1010001100111010,1010100111001001,1001111101100000,0001101011011010,0100010111111000,0110101101100110,1100011011000011,1100110000101111,0001000110100111,1010010011010110,0111110100010011,0010111010110001,1100101110010100,0111011010001100,1111000001110101
1000010110110110,0101000111101010,1011100100101100,0001111101110100,1011000111010001,1100110001111001,0110001100111111,1101001010100101,1111110000010010,1010101011100010,0110110110100001,1100100101000111,1001011100001011,0011010001100111,0001100010011111,0110011011001100
1111000101101100,0110101110001101,1010011110110000,0011000011111001,0001101101110100,0101011111001010,1000110100101011,0010010101010111,0110011000111110,1010101001001010,1100001011100111,1001000110011110,1100110011011100,0011110010100110,1111100000010011,1001011000001101
1100111010001110,1101101101101000,1011011011011000,1010100001001011,0000111000111101,1110010001100100,0110110100011000,1000100111010100,1100011101010011,0101110011000001,0010111111100010,0111101001010110,1001110000110010,0100000011111010,1111000110100111,0001010101001110
1011001010100111,1110000101010101,0101101100001101,1100001111101000,0110010100101011,0100011110010110,0011110111001110,1000101100000011,1011111100110000,1111100010011010,1001011001011011,1101010110000001,0001100111110011,1000110010111101,0110111011000001,1101110001100110
0111011100000011,0101000111111010,1011101101100000,1000110110101011,1110010111001100,0100111100101110,0011111010011000,1101101010001101,1100011001110001,1111010010100110,0001110001010111,0110100110110101,1000001110010110,1011000100111101,1110100000011010,0010001011101111
1010001011010001,1110000101101011,1001101100100101,0101001011101100,0111110111000001,0011000110110110,0100101110011011,0000110001111101,1111111000111000,1010100110001100,0110011000000111,1100010110110101,1101100001010110,0001011101011100,1000111111100010,1001010010001011
0011011011000110,0011101100101111,1001000111111100,0101011101100001,0010010110110011,1101011000111010,1111110100010101,0100001100010110,0111101010110000,1000111110100100,0100110011101111,1110001110001001,1001101011010011,0010111101011000,1010001001110101,1110100101100010
1110001011000111,0010011001011001,0011111111000100,1000110011101010,0000101001110101,0101010001011110,0100001110111010,1110010010110100,1010100100011110,1011000101110010,0011000010101111,0110110100100011,1101100111011001,1001011100101101,1001111010010011,1111101000101000
0001110111000101,1001000011110011,0100101101011011,0110000110111101,1011100100101001,1001011000011101,1101100010001110,0010111010101111,1100011011101000,1010010101011110,1110001001000101,1100010100100111,0111110001110100,0001001101101110,0111011110010010,1000101110110100
1100111000111010,0110111001000111,1010001001111101,1011101011100010,0101001101101110,0000010111101011,0110100010101100,1000100100110111,0011110101011000,0111001110011011,1100101111000000,1111010100100001,0010011110110100,1001111010001101,1101010011010110,0101101011110001
0111100111101000,1010010110100001,0010101111010111,1001111101110010,1100001110011010,0100011010110100,1101110010000111,1010100000111110,1100101100100101,0011011100001110,0111001000110011,1001001011101101,0100010101101111,0001110100011001,1111000101010100,1110111001001001
0010011010001110,0101101011101010,0011101110010011,0110001101001001,1100000011010111,1010100110101010,0100110100100111,1111110111000100,1011011001100011,1110101000110100,0011000101111110,1000111101010010,1101011110111000,1111110000011010,1001101000001101,0010110011111001
1101011010000011,0000101110001110,0101100100110111,1100110110101000,0100011111110100,0101111001001101,1001100011100100,0011111101100010,0011000111011001,1000101001111011,1110000101000111,0010010010101111,1001010101011110,0110110011010010,1111001000111100,1010111100010101
1110110101101010,1101001001011000,0100000111110011,1110000010010110,1101110011100101,1010101111000101,0101100100001111,1011100010111001,1011010101010101,0110011000111101,0011101001110110,1001011110101110,0111000111101100,0111111110010000,0011011011001011,0000110011011100
1101100001101000,1010010001011011,1101011110001010,1011101101000001,0000111011100011,1000101010011100,0111100010010011,0001011100111001,0110001111111000,1010110100110010,1110010010100101,1001000111110111,0101011001010110,0011110111001100,0100100100001111,0011001000101110
1100011011100110,0101011111011000,1000101110010110,0110010110010011,1011110110100000,0100101110101001,1001000101111011,0000110011111101,0011101011000011,0101110000001111,1110100011001010,1010011101001101,0111100101110100,1111001010111101,0010111000111010,1100111001010001
1011001011100011,1010011100110101,1111011010001100,0101011101111010,0011101001011001,0000010011101101,1110100001101110,1100111010010011,1010010111011010,0011110010110110,1101100111010100,1001110100101001,1001000000011111,0110000110111001,0000101110001110,0111010101000111
0000110111001110,0100101110100101,0010011101111001,0101011101010100,0101011011100010,0111100001101100,1001100011010001,1110000111110110,1101101100111010,1010111000000100,1111010110001001,1100010010111100,0011001010011111,0110110000010011,1001010100100111,1100001001001111
1111011110001010,0101001011011101,1010000111010011,1000111100011101,0001111011000011,0011100110101001,1000100111101110,1011110001111000,1100101010110000,0111100100010110,1101010101100001,0010011111110100,1011001000100111,0100010010111111,0110101101101011,1110110011000101
0010110000011111,1000000111011100,0110101101110000,0011010111101010,1100100011101011,1100011100101110,1111000001000110,1001111001011000,1011001010110011,0101010011110101,0001101101000111,1110011111000001,1011110100100101,0111101010001100,1101110110010010,0101000100011001
1001011010100111,0011000110111000,0110110011110101,1010110101100010,1111001011000000,1000000011011110,1011100000001101,0101100110000110,0001101001110100,1100101110110011,1101010101010001,1100011100101100,0111111000011010,0000111111001001,0010001101010111,0101000001101011
0111100010011010,0101001001111101,1010001011101110,0000011110011011,0011101100110110,0100111001100011,1011111000001001,1100101101011000,1110000110110001,1101011000010110,0100110110101100,0110010101001111,0010110011010100,1001100111000111,0111011111000000,1001010101111010
1000001000101111,0001101011110110,1101100101110001,1010011111100000,0110101101001100,1010100110011010,0100110110000111,1101010011001100,1111101010100010,0110001011010011,1110010000110110,0011110001101011,1011111000010101,0101011100011010,0100111010111001,0011000110111101
