0111000011000011111111,1111001111001100000000,1101111100000011001100,1110111100000000110011,0011111101110001100110,0011111110110010011001,0111110000101101101001,0111110000011110010110,1100010011110001011010,1100100011110010100101,0000111011001110101010,0000110111001101010101,0100001100110111000011,0100001100111000111100,1010010101101010001111,1010101010011001001111,1001101001100100011111,1001010110010100101111,1010011010100111110100,1010100101010111111000,1001100110101011110010,1001011001011011110001
1111010001011000000011,0011001010001111100111,1010001111010110010010,0000110001011111111010,1001100110111011010100,1001101011001000111110,0000111111011010001101,1100001000010011111101,0110000011100011001110,0101100011110110100001,0111000100001110011100,0110101101101001110001,1010100100110100101111,1100010111001101100100,0101110110000101011011,1100111000101110000110,0110110010010000110100,1011111100000011101000,0011011001110101011100,0001010101100010110111,0101011110111000101010,1010010010101110111001
0101011001011001111100,1011011110110000101010,1011000011001101001111,0001110111100001100101,1100010110010101011001,1011010001110110110001,0001001100101111101001,0111100100010100100111,1110001010100011110101,0011111010000111010010,1100111001000110101011,1000010100001111110110,0010100111011011111011,0110011111011110000100,1101100000111011000010,0110110010101100101000,1011110100001010011101,0110011101101001010011,1010101101110101011100,0101000111100110011110,0000111010111100010111,1101101111001100110000
1110110111000100100001,0100000101111010111011,0011011100001001101001,1111000100011101010111,1010101100101010010101,1101110000110001111101,1001100010101111101011,0000001011011101110101,1010000111110001001100,1110111010111001110010,0011110011011000011111,1011010001111110110000,0111101001110011000001,0101110111001011000100,1000111101010111011010,0011100101100101110110,0110100000011110101100,0110010010100111011001,1111001011000010111110,0001011110110110100111,1100011001101100001110,0101101110111100011000
1100011011010011101100,1101100010001111000110,1010011111000110000111,0110001101001101111010,0111101011010000110101,1001001010010101111011,0000011000111110110110,1011111001011000001010,0011101100110111001100,1101001111111110010000,1000101001101011011001,1011010100011011110001,0000110111110001010010,0001110111001110101001,1101111100100001100011,1010100110101000101100,1011010001100101110100,1110100001110110100011,0110011010111101000001,0101000101111001001111,1100110100010100011101,0111010010100010011010
1110110010001010100011,1011000000010001111111,1010010011001111011100,1001111010101000001110,0001110101000110111011,0110101000011011011010,0001001011101011101001,0101110010110101010001,1111011110010110101000,0100011110000001110110,1110111101100001001001,0111101001001100110100,0011010100101101100010,1000101111010101100010,1100100000100111101110,1111000111100010010010,0010100110110010111100,1100010001111000111000,1000001100101110010101,1101110101011011000100,0100000111011100001111,0010011001110110000111
1110100010011010100011,1011001000010001011111,0010010011001111011010,1001111010101100001110,1001110101000110111011,0100101100111011011010,0001001011111010101001,0101110010110101010001,1111011100010110001000,0101011110000011100111,1110111111101001001001,0111101001001100110100,0011000100101101100011,1000101111010101100010,1100000001100111101100,1111000111100010010010,0010110110110000111100,1100011001111000110010,1000001110101110010101,1001110101011011000100,0100000111011100001111,0010111001110110000111
1011011011011100000011,1011000100010110101110,0111010011010011011100,0110110000011111110011,1110001011100100111001,0001011101000011101001,1110110111101010001000,1101111000011000111100,0110111110000101001110,0000001010111011101110,1101001110001111010000,1100000101011101001101,1001010110110001011011,0111010110101100100101,0101100111010000100010,1000110011110111100100,1111101001100011000111,1010010101001001110110,0010101110010010010101,0100011101110110010110,0001100011001110011111,0011101101111101011000
1111010000011000001111,0011001000101010111011,0011010010110011010100,1111011101111000110000,0001000111011010101110,0100011011000001111101,1101101010110001100011,1010010011101111101001,0010110111100000100111,0111000111100101011010,0000111001111101001110,0110110010011110110010,0110101101010011001001,0111100001001101100101,1010001110011101010101,1100000001110110110111,1100100100101011111100,1001110101001011010011,1011011100000111100110,0001110100010100111001,0101011110101110000101,1011101011000110011100
1101111010001101100100,1010011001100111110001,0100110101011110110001,1000010100111001111110,1001000011110110100110,1111000110010111010001,1011110111001010001000,0000001011001011010101,0110001101010011101100,1101001001011100011010,0011100001111001010100,0001010101000101001111,1110100011000000111111,1100111111110001000011,0111011100100010010110,1010101100001110000111,0001101110100100111001,0011011010011000100011,0110010010111100001101,0010111010010111011010,0101100000101011101011,0110000111101101100010
1111010001011000000011,0011001010001111100111,1010001111010110010010,0000110001011111111010,1001100010111001010100,1001101001000000111110,0000111111011010001101,1100001000010011111101,0110000011100011001110,0101100011110110100001,0111100100001110011100,0110101101101001110001,1010100100110101101111,1100010111001101100100,0101111110000101011011,1100111000101110000010,0110111010010000110110,1011110110000011101000,0011011001110101001100,0001010100100010110111,0101001110111000101010,1010010010101100111001
1101101100111010000111,0101110010010101010101,1010011100000011010111,0000000010111110111111,0110001100011101100001,0011001011110011100100,1001011101110100111001,1110010001111011011000,1001000001001101110110,1010101010110101011010,0110100101100110110010,1010110110111000110100,1111010110010110101110,0011000111011000011011,1111101010001010111001,0000111111001111001100,0101011110101001110010,0100111001010000111110,1100000111100001101101,1110011011101100000111,0011110000101001101111,1000110011010011100011
1100011011010011101100,1101100010001111010110,1010001111000110000111,0110001101001101111010,0111101011010000110101,1001000010010101111011,0000011000111110110110,1011111001011000001010,0011101100110111001100,1101001111111100010000,1000101001101011011001,1011010100011011110001,0000110111110001010010,0001110111001110101001,1101111100100001100011,1010100110101000101100,1011010001100101110100,1110100001110110100010,0110011010111101000001,0101000101111001001111,1100110100010100011101,0111010010100010011010
1100101000101110111010,0000101011110101111001,0110011010100010101101,1100110111000000011011,0011110001101001101011,1010100000110011010111,0101000100111000011101,1010110100110100101100,1000011001011011001100,1111101100010011101001,1001101111101110000101,1110000001001101110101,0110101111011000100110,0100011101110110100011,0011001101000110011110,1111000011110101001010,0000000110011111101111,1001011110100001110110,1010000111111010110000,1011011010011100010011,0101110011010110110100,0110111110101111010000
1100011011010011101100,1101100010001111010110,1010001111000110000111,0110001101001101111010,0111101011010000110101,1001000010110101111011,0000011000111110110110,1011111001011000001010,0011101100110111001100,1101001111111100010000,1000101001101011011001,1011010100011011110001,0000110111110001010010,0001110111001110101001,1101111100100001100011,1010100110101000101100,1011010001100101010100,1110100001110110100010,0110010010111101000001,0101000101111010001111,1100110100010100011101,0111011010100010011010
1111000110001001010101,1001011010011110011000,0111010110101010101010,0001001010101100100111,1100110100101110000100,1110011111100100010011,1010101000101010111001,0110100011111101001000,0001100111000110110001,1000100110100101111110,0010110010110011010111,1010101111011010100110,1101110001111000110010,0010010101011100111101,1111100000010110001111,0101001101110010011100,1011000001101111010110,0001111101001001001011,1100010011000011101101,0100001100011111110011,0111111000000101110100,1011011100110101100001
0101111011001001101110,0000110100001011111001,1111111100101100001000,0011100111100111000101,1011011111010001011010,0101011110010110110011,0010110010110100111110,1101100001110011110000,1110101010000010011011,0011001000011010011100,0110011101100000110101,1010011010111011100001,1101010000110001001111,0110000001010101101001,1011100101011000100111,0100000111111010001010,1100101110011101010100,1001000011101100111101,0000101001111101010011,1000001100100111101110,1000111001010110001101,1110010001001111010110
1100000101111100101011,1011010011010001001110,0001001000101111001111,0100001111000011110011,0000111101110101010110,1011001100010100011101,0110010110111010000101,1001010010110111110001,1101000110100000010110,1100101110110011001000,1101111000011001110111,0101110110000101101101,1110001011101101100100,1000100011001110011101,0101011011011100011000,1001011101101010101100,1110010100001111011010,1111111001100110000011,0111100001110010111100,0011101110011110100010,0011100101101001010001,0010111010100000111011
1011110011011111000100,1100011111000110100010,1101110100111000101000,0110110100100111011100,0101111001010100011011,1111101001001001110110,1101001110001101011101,0100100111111011000111,0111000010010010101110,0011010111001001011010,0000101111011100111100,0001011101010011101101,0001101010101111101010,1000011000111010011110,1010000100110101110011,1110001011110001001000,0011111110100000000111,1010101100001010001011,0110010001101100101101,1001100011100010111001,0110111010011011110001,0111001101111110010000
1110010100100111101000,0001000100111010001111,0111111101110001000100,1010100011110110010101,0010100110001101100110,0010001001110001111010,0100100111010101001011,1000111101001011011010,0101101011101110101000,0011110001000100101111,1011001111000011100001,0110111110010010110011,0100010001011111110101,1101010111100000110110,1110011011011000001101,1111001000101101010011,0000011110100101011101,0111100010000011011100,1001011010010111000110,1101101100010100111100,1001110010111001101001,0011010111011100011000
1100110101111010101001,1001000111001110110101,0110101111010011010100,1000100011100111111010,0111001100100111100011,1001011011110001000001,0000111110111100010110,0011010101101001011000,0101111000000001111101,0101100001011101010011,1011110000011011100110,0011101011101010001111,0101010111010110001110,0110000010111101101101,1000001101011001101110,1110011010001011011011,1010110101000101001101,1111001000110110011100,1101100110101001000110,1011100110010000111011,1111111011001100100000,1110010001100000110111
1100000101111100101011,1011010011010001001111,0001001000101111001111,0100001111000011110011,0000111101110101010110,1011001100010100011101,0110010110111010000101,1001010010110111110001,1101000110100000010110,1100101110110011001000,1101111000011001110111,0101110110000101101101,1110001011101101100100,1000100011001110011101,0101011011011100011000,1001011101101010101100,1110010100001111011010,1111111001100110000011,0111100001110010111100,0011100110011110100010,0011100101101001010001,0010111010100000111011
1000100111110100010001,1100111001000101110010,0101111110011001010100,1110101110000010100110,0010011101110101100100,0101011010100110110101,1100000100101111011100,1010010010101001110111,0011100011001100111100,1001001100111000111010,0100010111011110101011,1110001001011000011101,1001110000010011101101,0101000011110001001110,0111100000111101100011,0000101011101011101001,0011000101000011010011,1001001011011111000110,0010111010110110011010,1111110001101010000000,0001111101101100001111,1111011110000101001001
0010110110000011110100,1111110100011100000101,1111000101010010110011,1001011100110110100110,0100100111010100101110,1100011110011101010010,1011010011001101101010,0101110000010111011000,0011001010010100111101,0011111101001000011110,1110001100101110111000,0110011001111001100100,1000010101100101011101,0000110100111000111011,0001101101001111100001,1100101000000001101111,0101000110101011001111,1101100011101000110100,1011101111110001001000,0110111011100110000011,1000011011011010001101,1010100001111111010110
1110110010001010100011,1011001000010001011111,1010010011001111011000,1001111010100100001110,0001110101000110111011,0100101000111111001010,0001001011111011101001,0101110010110101010001,1111011100010110101000,0100011110000011110110,0110111101100001001001,0111101001001100110100,0011010100101101100110,1010101111010101100010,1100000001100111101101,1111000111100010010010,0010100110110010111100,1100010001111000111010,1000001100101100010001,1001110101011011000100,0100000111011100001111,0010011001110110000111
0111100011001001111110,0001011011111101000010,1010010010011011010111,1010101110100101011010,0001000100101011110011,1000100011111110100100,1011010110001100101101,0010001101010100100111,1001011000000110111110,1111001100111000010100,0100101100001111001101,0110011111101010101010,1011111101000011100000,1100011011100001110101,1100110100110001101110,0010111000111100111001,0001110111110010011101,0100010110010111110000,1100110101001100010011,0111110010100110000111,1111000001110111001001,1101101010010000101011
0001001101101011011111,0010110111001011101000,0110001100011111100101,0101111111110000100110,0110011011110110011000,1100100011011010011111,1111001010001000101010,0111110001001101010011,0001100110111100110001,1101010101010001111001,1011111010000011010101,1010111100110000001011,1101110100101110001100,0011010000011010110110,1000011001101010100001,1000011110011101010010,1110100100100011110010,1001101001010111101010,1011000011111001000100,1011000111000110000011,0000010010100101101111,1010101101000100111100
0110011011110100100101,0001100111010101110001,0110001100111011110000,0001111010101010100010,0010110001101100111001,1111101010010010011001,0100100000100111010111,1111110100001001100101,1000001011001111101101,1011000010111101001011,0010111101010011001011,0101101101111100001100,0011011110000101011100,1110101111001100010010,1001001101100000110111,1100111000010101111010,0111000100000110101011,1101010111100011001000,0100010110011000011111,1010100110110110101100,1011010001011110010110,0111100011000001111110
1110000011000111001101,0100101101010001100111,0011111010000011101110,0101110001011100111100,0111000110101101100010,0111111100100110000001,1001100100011111001011,1101010100100011110101,1000110111110101100000,1100101010101010101001,1001011011001100000111,0011100011111011010101,1011001001110100111011,0100011001101111010010,1110110000111000000110,0101001111110010001110,1011101101101001001100,0000100110100100011111,1010001100011110110100,1111100111000010010010,0110011110011001011001,0010010101101010101011
1010110100011010101111,0001111101110111100001,1011100110010111010110,1101111100101001010010,0110111110000110011001,1011010110001101101000,0011011001001110011110,0000001011001011111011,1100110011011110110010,0111100000100111101010,1011110011100000110101,1111010001010011011001,1101011010010100100111,0101100101010000111100,1001101010111010001000,1110101001001101000101,0111000111111000000011,0110011010111011110100,1010001101110100111010,0000110010111101011111,1101000100101110110101,1100010111100011001110
1110100000010111010111,1001000001111100110110,0000101110011100111101,0101100101100001110001,0010110001001101101110,1011111010010001110000,0000011101010111100011,1011000100001101001001,0110011001001000010011,1101110110001110110010,1110001111101011100100,1000110011111011011001,0011111011100110000101,0001001111000011011110,0101011000101111111100,0111000011010010101011,1100101010100101001011,0110010111110100011000,1010010100100010111111,1101111101010000001100,0101010110111001000111,0011101100111010001010
1111010000010000001111,0011001000101010111011,0011111000110011010100,1111011101111000110000,0001000111011011101110,0100011011000001111101,1101101010110001100011,1010010011111111001001,0010110111100000100111,0111000111100101011010,0000111001111100001110,0110110010011010110010,0110101101010010001001,0111100001001101100101,1010001110011101010111,1100000001110110110111,1100100100101001111100,1001110101001011010011,1110011100000111100010,0001110100010100111001,0101011110101110000101,1011101011000110111100
1100101010101110001101,1000011101000111001011,0000010111101011110001,1110111101100000100100,0001000100111101101100,1111010011100111010100,1100010011011010101110,0101111001110010011000,0001111111001100010110,1011011000111000000111,0100110110110101000011,0010001111110110100010,1000100100110011010110,1101001110100000111011,0111101000001011100010,0010100001100100111111,1001101011010001100101,1010111010011101111000,0100011000010110110101,1111100101011110010001,0110001111011001011101,0011110110000010001101
0101010101100111111010,1010000100001110111111,1101001001001111000011,0101100000111100110111,1111101010101010110000,1100011101100000100101,1011110111010000010011,0100100111011011101001,1001001110100001001110,0001111011001110101101,1110110001101010001110,1011010000111001101001,0010111110101101100010,0100011010111010011011,1100110010000101011001,0111011101001001011100,1110001011010100101010,0111101100110110001001,1000101101111100011000,1000111000010011110110,1101010110011110000100,0010000011110111010101
1111010000000010001111,0011001000101010111011,0011111000110011010100,1111011101111000110000,0001000111011011101110,0100011011000001111101,1101101010110001100011,1010010011111111101001,0010110111100000100111,0111000111100101011010,1000111001101100001110,0110110010011010010010,0110101101010010001001,0111100001001101100101,1010001110011101010111,0100000001110110110111,1100100100101011111100,1001110101001011010011,0110011100000111100010,0001110100010100111001,0101011110101110000101,1011101011000110110100
1001100101100111011001,1000110010110100110010,0011111110000001111100,0110010111101010111000,1110101110100000000001,1101000011011001110101,0010000110010110010111,1000010110001101001011,1011011000101011010011,1010000101110001101110,1100011000000110111101,0101001010110111001000,0001100010101010101111,1111110100011111100100,1101101100011000011010,0001011101111100000101,0010101000011101111001,0111110001000100001011,1011001111001110100010,1010111011011010001100,0100101001101101010110,0100111101010011100011
1111101111011100000010,1101110000001001011110,1010100010111111010100,0110001010010101101111,0011011110010011011000,1110011001100111010011,0100101001011010011101,0110100101100101111000,1100010111010011100100,0111110000110010110011,0001111001011101100001,0111001100101011100100,1010111100110000001101,1011000100001110101001,0001100111100011001111,1101111010100110101000,1000001110101001110011,0100010100111111001010,0000111100000110110110,1001001001110100111110,0101010110101100010101,0010010011101000101110
1111010000000000001111,0011001000101010111011,0011010000110011010100,1111011101111000110000,0001000111011011101110,0100011011000001111101,1101101010110001100011,1010010011111111101001,0010110111100000100111,0111000111100101011010,0000111001111100001110,0110110010011010010010,0110101101010010001001,0111100001001101100101,1010001110011101010111,1100000001110110110111,1100100100101011111100,1001111101001011010011,0110011100000111100010,0001110100010100111001,0101011110101110000101,1011101011000110111100
1111100001011010110000,1001010001110011101101,0100110000011101001010,1101001110001110001001,1001001001101101111010,0011100110110001011000,0111011000000011011110,0001111011010010101010,1100111011100000011100,0011110010101110100100,0110001101110110101100,1010101001100111000011,0101100111101011000110,1000011111011111010100,0100001010111011110011,1011111100111000000111,0010010101101010011011,1000100100000110111111,1110010110000001100010,0101111101000101110001,0010101011001001101101,0111000011010100010111
1110000011000111001101,0100101101010001100111,0010111010000011111110,0101110001011100111100,0111000010001101100010,0111111100100110000001,1001110100011111001011,1101010100100001110101,1000110111110101100000,1100101010101010101001,1001011011001000000111,0011100011111011010101,1011001001110100111011,0100011001101111010010,1110110000111000000110,0101001110110010001110,1011101101101001001100,0000100110101100011111,1010001100011110110100,1111100111000010010010,0110011110011001011001,0010010101101010101011
1001111001110010010001,0111010010111010111000,0011000001100011101011,1010001100111110001101,1101010100010111100110,1100100001001010111101,1110001100100101110001,0100011110000011011111,1101000111010100001001,0101101010110100100111,0101011001101101001100,1000000011111111010010,1000010111100000101110,1010011011011001100101,1110110000111001001011,0110111001010110101010,0011010101001100010111,1111101111001010000010,1011110010000101011100,0000110110101111100001,0001101100011001111010,0110100101110001010100
1011011010010001011011,0101110000100101000101,1111100111111010000001,1100101100010110111001,1001111100011011000110,0000001001111110010111,1001000010101011111100,1010011100101100100101,0001111011001100110000,0010100101001001011101,1011001101100111010000,0100011111110000011100,1100010111001101010011,0110111000101010010010,1010110011000110001110,0001010101100010101011,0110010001011111101000,0111001110001100001110,0010100110110101110010,0110001011000011100101,1111000001010000110110,1100101001101001101010
1000001100111111001010,0001111010011010111000,1110000111011100111000,0100011011001011011110,1101011001110110010000,1101101011000101001001,0110101100010110100101,0001001111101100110111,0101110101111000001100,0010010010110101011101,0101010000011101100011,0111100110101111010010,1010111101001001010001,0011010111010010000011,1011100001010001110110,1000110011101111100100,1111011110100001100100,1110101010111000000011,1011010000001110001111,0111000001101011101001,1100110100100010111011,0010111001100100101010
0010010010110110111110,0011011110101001011010,1111111011010000000011,0101111010000101111001,0100110001101010101010,1000100111110101001001,0101001110111110100011,1110011000100111000001,1011100010101010101101,1111000101110000111000,1001010011101101100100,0111100000011101001110,1001001001011110011000,0001111100110010000100,0101000011111011010101,1100010100001100011111,1100001111000011101110,1110110110011011110000,0110101111101100010100,0010011101011001101101,0011100101000111110011,1000101000111001110111
0101010101100110111010,1010000100001110111111,1101001001001111000011,0101100000111100110111,1111101010101010110000,1100011101100000100101,1011110111010000010011,0100100111011011101001,1001001110100001001110,0001111011001110101101,1110110001101010001110,1011010000111001101001,0010111110101101100010,0100011010111010011011,1100110010000101011001,0111011101001001011100,1110001011010100101110,0111101100110110001001,1000101101111100011000,1000111000010011110110,1101010110011110000100,0010000011110111010101
0001101100000011111110,0111100000111111101100,0011110100101100011011,1101001011101000011100,0101100001010101010111,0110011100011001000110,0011010011100011001111,1101010000100101100110,0101011101110001101001,1110001001000110101011,0011011010001101110001,1011111001110010010000,0001111011011100101110,1101000110011010100011,0010000111110100110110,0100111110100110000101,1000010101011111011100,1111100111000101001000,1110110010010000111101,1000101010110101001011,0100110011101011110010,1010100101101001100101
1101110100011001101010,0011101100001100101110,0100011111011110001010,1111001111011001010100,1111111100110110000001,0001111000111011010110,1101110011100100001100,1001011101000111111000,0101101011110101100011,1010011110100001001011,0001000110110011101101,0011110010010101011001,0111000001101010011011,0111010010101111100000,1100100110001111010111,1011010011011010100111,1110101010110010111010,0110111001000011101101,0000110111101000110001,0110010101110101110110,1100011000111100111101,1010100001111111001000
1101011001010100110010,0110111111000001011000,1111100010110011001010,1001011110100101000100,0110010111101110100010,0000101110011111111010,0101101101111011000001,1100101010000010100101,0101100011101100011110,1110000101000111010110,1101010110001010011011,0011110001001011100110,0100110100010101101111,0110011000011110001100,0000010011110011111101,0011001111010000000111,1011100101000110101001,1010001001101001101011,1010110100111000110100,1000110011011101000001,0111000010001101110001,0010111000100110010011
1011111001110011000001,0001010111101010101001,1111000000001110100111,1010100101100101101011,0101100001001011011010,1000001010101111011101,0111101010111000101100,1110010100011000011001,1100011100010011101110,0101111100000101110001,1000100101011110110100,1100100010110010110011,0110000110111111000000,0101001101110100001111,1011001110000110011010,0010001011011001110011,1111010111100001010100,0010110010010111001111,0110011001100110111000,1100111011001100000010,1001010000111101111010,0010111100101010010110
1010101011111100011010,0101010111000100101010,1100011000001111000110,0100001110101001110011,0001101101110101100110,0110110000111111101000,1001001001011111111001,0011111000100110110011,1111001010100010101100,1000111111100011001001,1010100110001100100101,0110011011010101010101,1100100011110010110111,0110101101001010011100,0101111010011000001111,0110001100110110001011,1010010100010001111110,1111100110010011010010,0011000011101011001111,1111010101111000000001,1101100000100101011101,0001010110111110010100
1111010000000000001111,0011001000101010111011,0011110000110011010100,1111011101111000110000,0001000111011011101110,0100011011000001111101,1101101010110001100011,1010010011111111001001,0010110111100000100111,0111000111100101011010,0000111001111100001110,0110110010011110110010,0110101101010010001001,0111100001001101100101,1010001110011101010111,1100000001110110110111,1100100100101011111100,1001110101001011010011,1010011100000111100010,0001110100010100111001,0101011110101110000101,1011101011000110111100
1101101000101110111010,0001101011010011111001,1111011010100010101101,1100110111000100011011,0010110001101000101111,1010100000110111010111,0101000100111000011101,1011110100010101101000,1000011001011001001110,1111100101001011000011,1001101111101101000101,0110001001001101110101,0110101110010000100110,0100011101110110100011,0011001101000110011110,0111000011110101001010,0000000110001111101111,0001010110100001110110,1010000111111010110000,0011011010011100010011,0101110011011110000100,0110111110101011011000
1100101010101110001101,1000011101000111001011,0000110011101011110001,1110111101100000100100,0001010100111101101100,1111010011100111010100,1100010011011010101110,0101111001110010011000,0001111111001100010110,1011011000111000000011,0100110110110101000011,0010001111110110100010,1000100100110011010110,1101001110100000111011,0111101000001011100010,0010100001100100111111,1001101011010001100101,1010111010010101111000,0100011000010110110101,1111100101011110110001,0110001111011001011101,0011110110000010001101
1101110100011001101010,0011101100001100101110,0100011111011110001010,1111001111011001010100,1111111100110110000001,0001111000111011010110,1101110011100100001110,1001011101000111111010,0101101011110101100011,1010011110101001001011,0001000110110011101101,0011110010010101011001,0111000001101010011011,0111010010101111100000,1100100110001111010111,1011010011011010100111,1110101010110010111010,0110111001000011101101,0000110111101000110001,0110010101110101110110,1100011000111100111101,1010100001111111001000
0111100010101001110100,1110011100110011100100,1001111110101001101010,0001010101101111000101,0100111001100001011001,1001111001111100010110,1000001010100111110001,0000101110111010011101,0111001111110100000011,1101000100011001010011,0101111000011110100001,1111100100100110011000,0011011000000010111111,1010110011011011000011,1101001011010011001100,0000100000110101101111,0100111110000111010110,0010001101011101111000,0100010011111010111010,1100101101001010100111,1110010010001100001101,1001110111010000110101
1010101011101100011010,0101010111000100101010,1100011000001111000110,0100001110101001110011,0011101101110101100110,0110110000111111101000,1001001001011111111001,0011111000000010110011,1111001010100010101100,1000111111110011001001,1010100110001110100101,0110011011010101010101,1100100001110010110111,0110101101001010011100,0101101010011000001111,0110001100110110001011,1010010100010001111110,1111100110010011010010,0011000011101011001111,1111010101111000000001,1101100100100101011101,0001010110111110010100
1110100111000100100001,0100000101111010111011,0011011101001001101001,1111000100011101010111,1010101100101010010101,1101110000110001111101,1001100010101111101011,0000001011011101110101,1010000111110001001100,0110111110111001100010,0011110011011000011111,1011010001111110110000,0111101001110011000011,0101110111001011000100,1000111101010111011010,0011100101100101110110,0110100000011110101100,0110010010100111011001,1111001010000010111110,0001011110110110100111,1100011001101100001110,0101101110111100011000
0011111001011001110010,1010010110111011000000,0110101101110100100001,1000100111011110011010,1010010011010100111001,0101010101110010110110,1001110000110100000111,0100111010110011101010,0001011101101111001001,1111111110001110100000,0110110111001000001111,1010111001100010011100,1001001011111000101100,0111100000111010011001,0111001011010111000100,0011100110100101111100,1101001111100001010011,0010001010101110110111,1100100001001011110101,1011001100010011101111,1110000001101101101010,1100011100011101011100
1001010100000101111110,0001011010101100101011,1001100100111011001101,1110000010011101111001,0000101010010011110111,0000000011101011011110,1100110111110001100010,1001101011110100011000,0101001101011111100000,1010111001011110101110,1111111000101011010000,1111000001100110100111,0011010110110010110100,0111100010011100000110,0011100101001000111011,0010110111000111000001,0110101100100101101100,1111001110000010001010,1010001100111101010011,0111011001010001001111,0100110100110110011011,1100011111001000010101
1000111001101101100011,1001110100110010001010,0110101101110011100100,0101110001010101111110,0100101010001011001110,1100000011110110110010,0101110000101010110101,0110100100011100101001,0011101010100100101110,1111001100001001110010,0111011010010111000001,0010011101000010111011,1011010011011010101100,1101001101000110001101,1010000000110001011111,1110111011100000011000,0110010111101100000110,0011100001101111011000,0001101111011000010111,0000011110111101111100,1010110110000111110101,0101000111100001101001
1010101011001110011000,0111100100011010011001,0001100000100111111110,1011000111110001010100,1001111101010100101101,0000011110110010001010,0101001111101101111001,0101101001111000000110,1100011100001011110110,1100110010010101011111,1110010000111100101000,0110000111010110100111,1111101100100101000011,1011001010001000101111,1000100010111011100001,0011011000011111000101,0011110110011100110010,1001010001100010010011,0010110101101001001111,0010001001010001111011,0111110011000011101000,0110111010100000110101
0011011010010110111010,0010101001100011110011,1110100010111100000110,0100110010100101111101,1100000101000110101111,1111011100010101100001,0111011000100011001110,0000110101111101101010,1110111111000000011010,0001111001010000000111,0110110100011010011101,1000111010001011100100,1001101100110000111100,0010001111110101001101,1011110101000111010100,1011010011101000101001,1001001000001101011011,0101101110101110000001,1000010110110011010011,0101000111011001110110,1100011001111110010000,1101100011010011001000
1001101000101101001111,1010110001111011101100,0011001001111111010001,0000111110111100011001,1010101110000111111001,0001110011100001110011,0101110101010111001000,0010011111100101001110,1111110010001101010100,1001101111100010010100,1111011010110010001011,0011111100101110100010,1000010100010110010111,1001000110110101100000,0110101011010100100111,1011100111011000001011,1100011101001001100001,0111000100100000111101,1100000011101110111010,1011011001010100111000,0001001110011011111110,1110101100110001010010
1001101100111110010010,0110101111100001011010,1011000110001001111110,1001111010000011001101,0101001011010010110111,0110100100011010011101,1100110101110001110100,0101110111001100101000,0011010111010111000110,0000011001011101011011,1111010010110100011001,1111101001001111010000,0001000101100111111001,0010111010101110110100,1011100001100100101111,0101001000110101101100,0111011101101000000101,1100000010101111000111,1010001011111010101000,1110011100000110101010,1010101110010101100001,0111110000111011100011
1111010001011000000011,0011001010001111100111,1010001111010110010010,0000110001011011111010,1001100010111011010100,1001101011000000111110,0000111111011010001101,1100001000010011111101,0110000011100011001110,0101100011110110100001,0111100100001110111100,0110101101101001110001,1010100100110101101111,1100010111001101100100,0101110110000101011011,1100111000101110000010,0110111010010000110110,1011111110000011101000,0011011001110101011100,0001010100100010110111,0101001110111000101010,1010010010101100111001
1111100001011010110000,1101010000110011101101,0100110000011101001010,1101001110001110001001,1001000001101101111010,0011100110110101011000,0111001000000011011110,0001111111010010101010,1100111011100000011100,0011111010101110100100,0110001101110100101100,1010101001100111000011,0101100111101011000110,1000011111011111010100,0100001010111010110011,1011111100111000000111,0010010101101010011001,1000100100000110111111,1110010110000001100010,0101111101000101110001,0010101011001001101101,0111010011010100010111
1010000111000001100101,0111110110111011000100,1101011010001101101001,0110010111100110011001,0101100001001010111101,0001100111111100101000,1000101101100011001011,1100110101011101010000,1111111011100000110010,1110100000110100101111,0000101010100111110100,0010111111001100001110,0010110001101111100011,1001010011010110000111,0011111001010001011001,0111001101010111100010,0001010100100001111110,0100001011111001010111,0000111110011010110011,1010011001111010101100,1011001100101100010101,1011000010011011011010
1100001001000101101011,1011110101010110001010,1010101011110000111100,0101110111100000101001,0100010010110110101110,1110000111100011010011,0101100001010011110110,0011100010111001001011,0111011000111110110001,1111111010000000000111,0010011101101001100110,1001001110001010111010,0110101100101100011110,0111010011001101011100,1000110000001011111101,0100001111011010001101,1001101011101111000100,1001000101111100110111,1110100110011101100000,0000111111010101010011,1101011100110001011100,0011001110000111101101
0011011010010110111010,0110101001110010110011,1111100010111100000110,0100110010100101111101,1100000101000110101111,1111011100010101100001,0111011000101011001110,0000110101111101101010,1110111111000000011010,0001111011010000000111,0010110100011010011101,1010101010001011100100,1001101100110000111100,0010001111110101001101,0011110101100111010100,1011010011101000101001,1001101001001101011011,0101101110101110000001,1000010110110011010011,0101000111011001110110,1100011001111110010100,1101100011010011001000
0010101011011010111100,1111100010110001011010,1011001100100110111001,1100111001110011100001,0011011101110001010110,0101000001010110110011,0111001110011001100001,1101110100001000110100,1010111010010100100010,1101011011000010001111,1110100101001100000111,0011110010000111010101,0111010000111110001100,0001101100001111001010,0000010110111010010011,0110010111000111101000,0101111011101100010000,1001000011101111100110,1100001110010111010100,1001010001011101011001,0100011000101101111111,0001100111110100101101
0110010011001001110111,0100110110101011001110,0011110010111100100000,1110111000010100010110,1110010010100111011001,1011100110000001111010,0111101001101000011000,0001001010100010010111,1111000100001110101100,1100001010111000101011,1001100001100101000111,1001110001011010011011,0011011100110001001111,0101100100011101010001,1010101111011011000101,1101111000000011100001,0110100101110010100011,0000100000110011111100,1000011101101111110010,0101001011010111001010,1101010111110000010100,0000111111000100111101
0000011111110110011101,0011001010101001110101,1110100110000110110101,0110001100101010111010,1010111000001111011000,1101000000110001111100,0000000001011111111011,1100111110111101100001,0101101101000011010001,0111100011101100001000,1011010101100111000011,0111011001010100110000,0101010110001101010110,1011101110010000011011,1100111001101000010111,1101011010000010101011,1001110111111010110000,0001101000110110100110,0010110111000001101110,1001001101001100101100,1110001011011011000110,0111110100011010001101
0011111100100000011110,0000110010011100001011,0100001100001110111111,0011010111000011101011,0101001011100101001101,1001010001001110011100,1101010110111000111001,0110000001111011011010,0100110111100110110000,0001101101011101110000,1000011110111011000100,1110011010000101110010,1001100010110011110111,1100110101010001101110,0010011001110000110101,1010101111010110011001,0111101010011010101100,1010100000101101101001,0110100111001001010101,1101111001101010000011,1011000111111100100110,0111010100010111000101
1101011011100000110100,1011000101111100011101,1100100110011010110001,0001111101010010111110,0100000101111110100110,1000011111011001001100,0110010010010110011100,0010010110100001010111,1000101000110101111010,1110100001000011101110,0101001110000100101111,0010001011110011101001,1001010011010111000011,1011011100001111100000,0010110011001100101010,0000101001001111010101,1110111101110100000001,0101100111100111011000,0101110000111001101101,1011101010111010000110,0111001001011001010010,1100011000101010011011
0001000111011101010011,1000111011010011010010,1011011010111001000101,0111101000111010110010,0100010011011100101110,0110010111100001110000,0000110010101110100001,1101110000100000011011,1110110100011111001000,0010101110000001101111,1100000100001011100111,1010000110100110011110,1011011101001100100010,0101101111101010001100,0010110101110010000111,0101011100010110110101,1001100001110101100100,0011010001001011111101,1000001101111000111001,1110101011001100010101,0000111100101101010110,0110001001100111001011
1010000111000001100101,0111110110101011000100,1101011010001101101001,0110010111100110011001,0111100001001010111111,0001100111111100101000,1000101101101011001011,1100110101011101010100,1111111011100000110010,1110101110010000001111,0000101010100111111100,0010011111001100001110,0010110000111101100011,1001110011010110000111,0011111001010001011001,0111001101010111100010,0001010100110001111110,0100001011111001010111,0000111110011010110001,1110011001111010101100,1011001100101100010101,1011000010011011011010
0111100010101001110100,1110011100110011100100,1001111110101001101010,0001010101101111000101,0100111001100001011001,1001011001111100010110,1000001010100111110001,0000101110111010011101,0111001111110100000011,1101000100011001011011,0101111000011110100001,1111100101100110011000,0011011000000010111111,1010110011011011000011,1101001011010011001100,0000100000110101101111,0100111110000111010110,0010001101011101111000,0100010011111010111010,1100101101001010100111,1110010010001100001101,1001110111010000110101
1011011000110001100110,1010001111111101101000,0101011111000001011010,0110110010010101001100,1011100011110000011011,1010111100100110011010,1011100001001111000010,0000110001101001111100,1101110110111010000000,0001101110011100110110,1010000100011001011101,1100111001011100110011,1001011010001110001101,0000010111110111010111,0100001001111010001110,1110000111000010110100,1101000000110111111000,0011111101010010101001,1000100110000011101011,0110101010101011010001,1101101101100101000101,0111010100101100101011
1001001001000111001111,0110001000011101110011,1101011100010111100000,1000011010111010010101,1100101111010000101111,1011101010111100100010,0111101001100011110100,0001011101111000111010,1011010110100001110111,0101110010001110111110,1110000100110110011110,0010111110010101011100,1101110001110100010001,0000100100101111101001,0110011111100110000011,1100111000101001001110,1010010011011011101000,0101100010110011001011,1111001110001000011001,0101000111111101000100,0011110100011010000111,1000100111001011010010
1110100010001010100011,1011001000010001011111,1010010011001111011000,1001111010101100001110,0001110101000110111011,0100101000111111011010,0001001011111010101001,0101110010110101010001,1111011100010110101000,0100011110000011110110,0110111101101001001001,0111101001001100110100,0011000100101101100010,1000101111010101100010,1100000001100111101101,1111000111100010010010,0010100110110000111100,1100010001111000110010,1000001100101110010001,1001110101011011000100,0100000111011100001111,0010011001110110000111
0111100001000010111110,0011111111000110000011,0011001000101111011100,0011100011111101100010,1011101100010001011011,0010110010110011010110,1100001010000111110011,1000111111101010111000,1001010100001101110110,0110110100011111101001,1110011011001001001110,1101110000101011000011,1011000010011010100101,1101100111010111001100,0000001101111011100111,1000010001110100101111,1110101100100100100100,1110000101111110010010,0100100110101100011111,0101011110110010101010,0111010111100001110001,0101111001011100010101
1011000001110001110011,0110110111000101100110,0001101001101000101110,0101011101010011011100,0001000110111111000110,1100101001100111000111,1000111110010010110010,1010010011101010010100,0011110001010110001001,1101110100100100011010,0101110010100011110001,0010110100001011011111,1011101010000101011100,1100110000011100110101,0110011010110000001111,1000011111101101101001,0100000011011110111010,0111101111001000010001,1111011000001111100010,1101000110000010101111,0010001100100110110101,1110100100111011101000
0100010011000101111110,1001001101011100010110,1110001010011110011000,1110010110010000000111,0011101110000111001111,0111001001011001101011,1010111001100100001010,1011000010111101100100,0111011100100110110010,0101110000101100001101,1101000111101011001010,0010110100111001011010,1000011100110111101001,0100100001110111010111,0100101111111000101100,0000110011011110100011,1011110001010010111100,0010011011101011010101,1001101010100000111011,1110100101001101110001,0101111011010001010000,1100111000001011100110
1101101100000101100001,1000110010001101011110,1110011111010000001010,0001101111110100111000,0111110110101100000100,1101010001100001101110,0011100111001011101011,1001110110110011010010,0010011010100111100011,0111001010011001110110,0111110001010101010011,1101001011101010011001,0100000111000110110111,1110100000111110101010,1010111101101000110111,0001011100011110001111,1010000111111101000101,1011010101001111110000,0100111011011011100100,1011101011000110000110,0110101100100011011100,1011110010010010111101
0010101001011010111100,1111100010110001011010,1011001100100110111001,1100111001110011100001,0011011101110001010110,0101000001010110110011,0111001110011001100001,1101110100001000110100,1010111010010100100010,1101011011000010001111,1110100101001100000111,0011110010000111010101,0111010000111110001100,0001101100001111001010,0000110110111010010011,0110010111000111111000,0101101011101100010000,1001000011101011100110,1100001110010111010100,1001010001011101011001,0100011000101101111111,0001100111110100101101
1101101000101110111010,0001101011010011111001,1111011010100010101101,1100110111000100011011,0010110001101000101011,1010100000110111010111,0101000100111000011101,1011110100010101101000,1000011001011001001110,1111100101001011000011,1001101111101100000101,0110001001001101110101,0110101110010000100110,0100011101110111100011,0011011101000110011110,0111000011110101001010,0000000110001111101111,0001010110100001110110,1010000111111010110000,0011011010011100010011,0101110011011110100100,0110111110101011011000
1000011110001100001011,0011110011110000001010,1111001101100110101110,0011010110100100110101,0010101011000111100111,1010111100110111000000,0101100110100011101001,0111011000010010010011,1010110001001010111101,1110100010111100000101,1001010001101111000011,0000101101111100110011,0111101101001001000101,1110001010101001110010,0001011000011101101100,1001100110011010010110,0100011111101010000100,1001001011110001011101,0100110000100101011110,1101111011000100110000,1100010101010001100111,0110000111011111011000
1000111000110000011111,1100011001110111100010,0100101100000111001111,1111101010010100100001,1001010111000110001101,1101100001011001001110,1010101001000011111100,1000110010011111010100,1100100111111010111001,0111011010101010001000,0010110001011010100111,1110000011100001010111,0001001011001101111011,1001011100101001100101,0011110110110001101010,0101110001100100110100,0111011101010001010001,0101001110010010110110,0010001111111100001100,1110010100001100111010,0011000000110111111101,1011101101101110010010
1000111110100111001010,1111000101110100000010,0010011110010100110011,0100101100101100110100,1100100010010001010111,1010000011111111110000,1001111011110100100101,1011010101001101011101,0100110111111000011000,0100001101010111001101,1101011000011010111110,0101110101000011100011,1111111010001110000001,0110011011100001000110,0001001111101010010111,0011101000110011011001,1110000110100010101101,1010101001001000101011,0011100011000110111110,0010110000111110000111,0011101110011001100100,0101000010101101101011
1010001110001001101001,0110010111110101001010,1110101011100110000111,1010110000001101011110,0101101010100001011101,0011011001000111110011,1001011111010000011110,1111010100100011010100,0111001100010101100110,0011110111011110000101,0100111110000110111000,0101101101001011001010,1101011000111100001001,0010001001111010011100,1000101101110101010000,1100000010011111010011,1011100100110010111011,1111100011011000110000,1001000011101111101100,1100110001010011101101,0000111010111011100010,0100010101101000110111
1010010110000110111011,0100010000111111011110,0010000011001011100101,1001100001011100110011,0001001110011010011000,0011010101110011110010,1100100111010001111110,0111110011100000011001,1000111001101010101010,1001011010110001000111,1111011001010110001100,0000111101000111010101,0111111110001100100110,0001100100110110101101,0101010101001101101001,1111100100001011000011,1011001101101101011110,0010101000010101101011,1010110111111101000000,0100001111110110000011,1101101010100111110000,1110011100111000110101
0000100101101000111011,0101001100110011011000,1010001111110000010100,1100100111011111100010,1001100001010101011101,0011100110001110000101,1010111100010100011010,1100110000101010010100,0001101010100101110110,1111000011100110011011,1000001000111110001111,1001011101000010110111,0010010011001011011110,0101111011011000000011,0110010101100101000111,1001011111101101001000,0100010110010100111101,1010110010110011101001,0011010001111110110000,0110101001000110101100,1110001000001101110001,1111000100011000101110
0011111101110101100000,1110001000001011101010,0101101110100001001111,0100010100010101100111,0010100100001101011011,1110110010101100000110,1100100111010011010010,0101011010011101011000,1001011100000110011110,0101110100101010110001,0111000001110110001011,1000101000111111010101,0011000011101111110110,0000001101111000111110,1011100110011110101100,1011010010110001111011,1001101011001100100011,0110111011000010111101,0010011110011010000011,0001110001011011001110,1111000101001001010101,1000010111101111001001
0011101110001101101111,0001111111011110110000,0001000100111111011110,0101100001110101100101,0100111100110010101011,1100111000001111011101,0110011010110101000010,1010010001101110100111,0111100011101010001010,1100101101101001110010,0010110011100001111100,1010100111010100011011,1011101001010011000110,0001011001000000011011,0100010111000011000111,1101010010011000101110,0110001101011000001100,1111001110100010110101,1011110100111001000001,1111010101000111101000,1000001011111011101001,0110000000011011110011
0111100001000010111110,0011111111000110000011,0011001000101111011101,0011101011111101100010,1011101100010001011011,0010110010110011010110,1100001010000111110011,1000111111101010111000,1001010100001101110110,0110110100011111101001,1110011011001001001110,1101110000101011000011,1011000010011010100101,1101100111010111001100,0000001101111011100111,1000010001110100101111,1110101100100100100100,1110000101111110010010,0100100110101100011111,0101011110110010101010,0111010111100001110001,0101111001011100010101
1100111011011100010000,0100110010101101100110,1000011110110010001110,1101001101100100101000,1111010010000001011011,0111010100011100001101,0101101110100111010001,1000000000010111111100,1001100101001001011110,1100100001111011001011,0010001011101000111101,0011010001110110010110,1010011101001111000011,1110100111010010100111,1101011000001010110111,1010110100101010111000,0000111101010100111011,1011111000110001100101,0110001100111001110010,0110111001000011001100,0001010111011011100000,0011101010011110101010
1101101100000101100001,1000111010001101011110,1110011111010000001010,0001101111110100111000,0111110110101100000100,1101010001100001101110,0011100111001001101011,1001110110110011010010,0010011010100111100011,0111001010011001110110,0111110001010101010011,1101001011101010011001,0100000111000110110111,1110100000111110101010,1010111101101000110111,0001011100011110001111,1010000111111101000101,1011010101001111110000,0100111011011011100100,1011101011000110000110,0110101100100011011100,1011110010010010111101
0010110100011010101111,0000111101110111100001,1011100110010111010110,0101111100101001010010,0110111110000110011001,1011010111001101101000,0011011001111110011110,0001001011001011111011,1100110011011110110010,0111100000100111101010,1011110011100000110101,1111010000010011011001,0101011010010100100111,0101101101010000111100,1001101010111010001000,1110101001001101000111,0111000111111000000011,0110001010111011110100,1010001100110100111011,0000100010111101011101,1101000100101110110101,1100010111100011001110
1101000100100101011110,0010010111100101110101,1000011101010110001001,0011101100000010111111,0000001000111111010111,0101001011001111101110,0100001111110010010110,1100100110001111110000,0011000110111011001000,1110010000010011111100,1001111010101000111100,1111001010110100100011,0001110001110110110010,1010100011011100011110,0100110101111000101011,1001110110010011000111,0110111010100111001010,1111100001101010000101,0101101011010001011001,1010101101110001100100,1011011101001001010010,0111111100011100000100
0000110011110111101110,1011100000010011110101,1000000001111101011011,1100101011001110110011,0110101100111000111110,0101111010010101011010,1011011001000010011110,1001111100111110010001,1001000110000100101111,0011101101001101000111,1101110111101001010100,1110110101010010000011,1010101110011011001000,0100010100001111011101,0010011110100001110011,0111000111110110010000,1111010000101111100010,0011010011011000101001,1100011101010101100100,1110111010100100001101,0101101101100011101001,0101001010111011000111
