0111000011000011111111,1111001111001100000000,1101111100000011001100,1110111100000000110011,0011111101110001100110,0011111110110010011001,0111110000101101101001,0111110000011110010110,1100010011110001011010,1100100011110010100101,0000111011001110101010,0000110111001101010101,0100001100110111000011,0100001100111000111100,1010010101101010001111,1010101010011001001111,1001101001100100011111,1001010110010100101111,1010011010100111110100,1010100101010111111000,1001100110101011110010,1001011001011011110001
1111010001011001000011,0011001010001111100111,1010001111010110010010,0000110001011111111010,1001100110111011010100,1001101011001000111110,0000111111011010001101,1100001000010011111101,0110100011100011001110,1101100011110110100001,0111000101001110011100,0110101101101001110001,1010100100110100101111,1100010111001101100100,0101110110000101011011,1100111000101110000110,0111110010010000110100,1011111100000011101000,0011011001110101011100,0001010101100010110111,0101001110111000101010,1010010010101010111001
1101111010001101100100,1010011001100111110001,0100110101011110110101,1000010100111001111110,1001000011110110100110,1111000110010011010001,1011110111101010001000,0000001011001011011101,0110001101010011101100,1101001001011100011010,0011100001111001010100,0001010101000101001111,1110100011000000111111,1100111111110001000011,0111011100100010010110,1010101100001110000111,0001101110110100111001,0011011011011000100011,0110010010111100001101,0010110010010111011010,0101100000101011101011,0110000111101101110010
1011011011011100000011,1111000100010110101010,0111010011010011011100,0110110000011111110011,1110001011100101111001,0001011101001011101001,1110110111101010001010,1101111000001000111110,0010111110000101001110,0000001010111011101110,1101001110001111010000,1100100101011101001101,1001010110110001011011,0111010110101100100101,0101101111010001100010,1001110001110111100100,1111101000100011000111,1010000101001001110110,1010101110010010110101,0100011101110110010111,0001100011000110111111,0011101101111100011000
1111010001011001000011,0011001010001111100111,1010001111010110010010,0000110001011111111010,1001100110111011010100,1001101011001000111110,0000111111011010001101,1100001000010011111101,0110000011100011001110,1101100011110110100001,0111000101001110011100,0110101101101001110001,1010100100110100101111,1100010111001101100100,0101110110000101011011,1100111000101110000110,0110110010010000110100,1011111100000011101000,0011011001110101011100,0001010101100010110111,0101011110111000101010,1010010010101110011001
1111010001011000000011,0011001010001111100111,1010001111010110010010,0000110001011111111010,1001100110111011010100,1001101011001000111110,0000111111011010001101,1100001000010011111101,0110000011100011001110,0101100011110110100001,0111000100001110011100,0110101101101001110001,1010100100110100101111,1100010111001101100100,0101110110000101011011,1100111000101110000110,0110110010010000110100,1011111100000011101000,0011011001110101011100,0001010101100010110111,0101011110111000101010,1010010010101110111001
1110100000010111010110,1001000001111100110110,0000101110011100110101,0111100101100001110001,0010110011001001101110,1011011010010001110000,0000011101010111100011,1011000100001101001001,1110011001001000010011,1101110110001110110010,1110001111101011100100,1000110011111011011001,0011111011100110000101,0001001111000011011110,0101011000101111111100,0111000011010010101001,1100101010100101101011,0110010111110100011000,1010010100100010111111,1101111101010000001100,0101010110111001000111,0011101100111010001010
1001111101110010010001,0111010010111010111000,0011000001100011101111,1010001100111110001100,1101010100010111100110,1100100001001110111101,1110001100100100110011,0100011110000011011111,1111000111010101001001,0101101010110100000111,0101011001101101001000,1000000011111111010010,1000110111100000101110,1010011011011001100101,1110110000111001001011,0010111001010110101010,0011010101001100010111,1111101111001010000010,1011111010000101011100,0010110110101111100001,0001101100011001111010,0110100101110001010100
0101011001011001111100,1011011110110000101010,1011000011001101001111,0001110111100001100101,1100010110010101011001,1011010001110110110001,0001001100101111101001,0111100100010100100111,1110001010100011110101,0011111010000111010010,1100111001000110101011,1000010100001111110110,0010100111011011111011,0110011111011110000100,1101100000111011000010,0110110010101100101000,1011110100001010011101,0110011101101001010011,1010101101110101011100,0101000111100110011110,0000111010111100010111,1101101111001100110000
1010110110000011110100,1111110100011100000101,1111000101010010110011,1001011100110110100110,0100100111010110101110,1100001110011101010010,1011010011001101101010,0101110000010011011000,0011001010010100111101,0011111101001000011110,1110101100101110111000,0110011001111001100100,1100010101100101011101,0000110110111000111011,0001101101001111100001,1100101000000001101111,0111000110101011001111,1101100011101000110100,1011101111110001001000,0110111011100110000011,1000011011011010001101,1010100001111111010111
1101111010001101100100,1010011001100111110001,0100110101011110110101,1000010100011001111110,1001000011110110100110,1111000110010011010001,1011110111101010001000,0000001011101011011101,0110001101010011101100,1101001001011100011010,0011100001111001010100,0001010101000101001111,1110100011000000111111,1100111111110001000011,0111011100100010010110,1010101100001110000111,0001101110110100111001,0011011011011000100011,1110010000111100001101,0010110010010111011010,0101100000101011101011,0110000111101101110010
1001111101110010010001,0111010010111010111000,0011000001100011101111,1010001100111110001100,1101010100010111100110,1100100001001110111101,1110001100100100110011,0100011110000011011111,1111000111010100001001,0101101010110100000111,0101011101101101001000,1000000011111111010010,1000110111100000101110,1010011011011001100101,1110110000111001001011,0010111001010110101010,0011010101001100010111,1111101111001010000010,1011111010000101011100,0010110110101111100001,0001101100011001111011,0110100101110001010100
1011011011011100000011,1111000100010110101010,0111010011010011011100,0110110000011111110011,1110001011100101111001,0001011101000011101001,1110110111101010001010,1101111000001000111100,0010111110000101001110,0000001010111011101110,1101001110001111010000,1100100101011101001101,1001010110110001011011,0111010110101100100101,0101101111010001100010,1001110011110111100100,1111101000100011000111,1011000101001001110110,1010101110010010110101,0100011101110110010110,0001100011000110011111,0011101101111100011000
1001111001110010010001,0111010010111010111000,0011000001100011101111,1010001100111110001101,1101010100010111100110,1100100001001110111101,1110001100100101110001,0100011010000011011111,0101000111010101001001,0101101010110100100111,0101011001101101001100,1000000011111111010010,1000010111100000111110,1010011011011001100101,1110110000111001001011,0010111001010110101010,0011010101001100010111,1111101111001010000010,1011100010000101011100,0000110110101111100001,0001101100011001111010,0110100101110011010100
0001010101100111111010,1010000100001110111111,1101001001001111000011,0101100000111100110111,1111101010100010110000,1100011101100000100101,1011110111010000010011,0100100111011011101001,1001101110100001001111,0001111011001110101101,1110110001101010001110,1011010000111001101001,0010111110101101100010,0100011010111010011011,1100110010000101011001,0111011101001001011100,1110001011010100101110,0111111100010110001001,1000101101111100011000,1000111000010011110110,1101010110011110000100,0010000011110111010101
1100011011010011101100,1101100010001111000110,1010011111000110000111,0110001101001101111010,0111101011000000110101,1001001010010101111011,0000011000111110110110,1011111001011000001010,0011101100110111001100,1101001111111100010000,1000101001101011011001,1011000100011011110001,0000110111010001010010,0001110111001110101001,1101111100100001100011,1010100110101000101110,1011010001100101110100,1110100001110110100011,0110011010111101000001,0101000101111001001111,1100110100010100011101,0111010010100010011010
1110100000010111010100,1001000001111100110110,0000101110011100111101,0101100101100001110001,0010110011001001101110,1011011010010001110000,0000011101010111100011,1011000101001101001001,0110011001001000010011,1101110110001110110010,1110001111101010100100,1000110011111011011001,0011111011100110000101,0001001111000011011110,0101011000101111101100,0111000011010010101011,1100101010100101001011,0110010111110100011000,1010010100100010111111,1101111101010000001100,0101010110111001000111,0011101100111010001010
1110110111000100100001,0100000101111010111011,0011011100001001101001,1111000100011101010011,1010101100101010010101,1101110000110001111101,1001100010101111101011,0000001011011101110101,1010000111110001001100,0110111010111001100010,0011110011011000011111,1011010001111110110000,0111101001110011000001,0101010111001011000100,1000111101010111011010,0011100101100101110110,0110100000011110101100,0110010010100111011001,1111001011000010111110,0001011110110110100111,1100011001101100001111,0101101110111100011000
1110110111000100100001,0100000101111010111011,0011011100001001101001,1111000100011101010111,1010101100101010010101,1101110000110001111101,1001100010101111101011,0000001011011101110101,1010000111110001001100,1110111010111001100010,0011110011011000011111,1011010001111110110000,0111101001110011000001,0101110111001011000100,1000111101010111011010,0011100101100101110110,0110100000011110101100,0110010010100111011001,1111001011000010111110,0001011110110110100111,1100011001101100001111,0101101110111100011000
1100011011010011101100,1101100010001111000110,1010011111000110000111,0110001101001101111010,0111101011000000110101,1001001010110100111011,0000111000111010110110,1011111001011000001010,0011101100110111001100,1101001111111110010000,1000101001101011011001,1011000100011011110001,0000110111010001010010,0001110111001110101001,1101111100100001100011,1010100110101000101100,1011010001100101110100,1110100001110110100011,0110011010111101000001,0101000101111001001111,1100110100010100011101,0111010010100010011010
1010110110000011110101,1111110100011100000101,1111000101010010110011,1001011100110110100110,0110100111010110101100,0100001110011101010010,1011010011001101101010,0101110000010011011000,0011001010110100111101,0011111101001000011110,1110001100101110111000,0110011001111001100100,1100010101100101011101,0000110100111000101011,0001101101001111100001,1100101000000001101111,0111000110101011001111,1101100011101000110100,1011101111110001001000,0110111011100110000011,1000011011011010001101,1010100001111111010110
1101101000101100111010,0001101011010011111001,1111011010100010001101,1100110111000100011011,0010110001101000101111,1000100000110111010111,0101000100111000011101,1011110100010101101001,1000011001011001001100,1111000101001011000011,1001101111101100000101,0110001001000101110101,1110101110010000100110,0100011101110110100011,0011111101000110011110,0111000011110101001010,0000001110001111101111,1001010111100001110110,1010000111111110111000,0011011010011100010011,0101110011011110100100,0110111110101011010000
1110110010001010100011,1011000000010001111111,1010010011001111011100,1001111010101000001110,0001110101000110111011,0110101000011011011010,0001001011101011101001,0101110010110101010001,1111011110010110101000,0100011110000011110110,1110111101100001001001,0111101001001100110100,0011010100101101100010,1000101111010101110010,1100100000100111101110,1111000111100010010010,0010100110110010111100,1100010001111000111000,1000001100101110010101,1001110101011011000100,0100000111011100001111,0010011001110110000111
1100011011010011101100,1101100010001111010110,1010001111000110000111,0110001101001101111010,0111101011010000110101,1001000010110101111011,0000011000111110110110,1011111001011000001010,0011101100110111001100,1101001111111100010000,1000101001101011011001,1011000100011011110001,0000110111010001010010,0001110111001110101001,1101111100100001100011,1010100110101000101100,1011010001100101110100,1110100001110110100010,0110010010111101000001,0101000101111001001111,1100110100010100011101,0111010110100010011010
1110110111000100100001,0100000101111010111011,0011011100001001101001,1111000100011101010111,1010101100101010010101,1101110000110001111101,1001100010101111101011,0000001011011101110101,1010000111110001001100,1110111010111001110010,0011110011011000011111,1011010001111110110000,0111101001110011000001,0101110111001011000100,1000111101010111011010,0011100101100101110110,0110100000011110101100,0110010010100111011001,1111001011000010111110,0001011110110110100111,1100011001101100001110,0101101110111100011000
1010110100011010101111,0001111101110111100001,1011100110010111010110,1101111100001001010010,0110111110000110011001,1011010110001101101000,0011011001001110001110,0000001011001011111011,1100110011011110110010,0111100000100111101010,1011110011100000110101,1111010001010011011001,1101011010010100101111,0101100101011000111100,1001101010111010001000,1110101001001101000101,0111000111111000000011,0110011010111011110100,1010001101110100111010,0000110000111101011111,1101000100101110110101,1100010111100011001110
1001111001110010010001,0111010010111010111000,0011000001100011101111,1010001100111110001100,1101010100010111100110,1100100001001110111101,1110001100100100110011,0100011110000011011111,1101000111010101001001,0101101010110100000111,0101011001101101001000,1000000011111111010010,1000110111100000101110,1010011011011001100101,1110110000111001001011,0010111001010110101010,0011010101011100010111,1111101111001010000010,1011110010000101011100,0000110110101111100001,0001101100011001111010,0110100101110001010100
1100011011010011101100,1101100010001111000110,1010011111000110000111,0110001101001101111010,0111101011010000110101,1001001010010101111011,0000011000111110110110,1011111001011000001010,0011101100110111001100,1101001111111110010000,1000101001101011011001,1011010100011011110001,0000110111110001010010,0001110111001110101001,1101111100100001100011,1010100110101000101100,1011010001100101110100,1110100001110110100011,0110011010111101000001,0101000101111001001111,1100110100010100011101,0111010010100010011010
1110110111000100100001,0100000101111010111011,0011011100001001101001,1111000100011101010111,1010101100101010010101,1101110000110001111101,1001100010101111101011,0000001011011101110101,1010000111110001001100,0110111010111001100010,0011110011011000011111,1011010001111110110000,0111101001110111000001,0101110111001011000100,1000111101010111011010,0011100101100101110110,0110100000011110101100,0110010010100111011001,1111001011000010111110,0001011110110110100111,1100011001101100001110,0101101110111100011000
1100000101111000101011,1011010011010001001110,0101001000101111001111,0000001111010011110111,0000111101110100000110,1011001100010100011101,0110010110111010000101,1001010000110111110001,1101000110100000010110,1100101110110011001000,1110111000011001110110,0101110110000101101101,1110001011100101100100,1000100011001110011101,0101011011011100010000,1001011101101010101100,0110010101000111011010,1111111001000010000011,0111100001110010111100,0011100110011110100010,0011100101101001010001,0010111010100000111011
1100011011010011101100,1101100010001111010110,1010011111000110000111,0110001101001101111010,0111101011000000110101,1001001010110100111011,0000011000111010110110,1011111001011000001010,0011101100110111001100,1101001111111110010000,1000101001101011011001,1011000100011011110001,0000110111110001010010,0001110111001110101001,1101111100100001100011,1010100110101000101100,1011010001100101110100,1110100001110110100011,0110011010111101000001,0101000101111001001111,1100110100010100011101,0111010010100010011010
1001111001110010010001,0111010010111010111000,0011000001100011101111,1010001100111110001100,1101010100010011100110,1100100001001110111101,1110011100100101110011,0100011110000011011111,1101000111010101001001,0101101010110100100111,0101011001101101001100,1000000011111111010010,1000110111100000101110,1010011011011001100101,1110110000111001001011,0110111001010110101010,0011010101011100010111,1111101111001010000010,1011110010000101011100,0000110110101111100001,0001101100011001111010,0110100101110001010100
1001111001110010010001,0111010010111010111000,0011000001100011101011,1010001100111110001101,1101010100010011100110,1100100001001010111101,1110001100100101110000,0100011110000011011111,1101000111010101001001,0101101010110100100111,0101011001101101001100,1000000011111111010010,1000110111100000101110,1010011011011001100101,1110110000111001001011,0110111001010110101010,0011010101001100010111,1111101111001010000010,1011110010000111011100,0000110110101111100001,0001101100011001111010,0110100101110011010100
1111000110011001010101,1001011010011110011000,0111010110100010101010,0101001010101100100111,1100110100101110000100,1110011111000100010011,1110101000101010111001,0110100011111101001000,0001100111000110110001,1000100110100101111110,0000111010110011010111,1010101111011010100110,1101110001110000110010,0010010101111100111101,1111100000010110001111,0101001101110010011100,1011000001101111010110,0001111101001001001011,1100010011000011101101,0100000100011111110010,0111111000000101110100,1011001100110111100001
1110110010001010100011,1011000000010001111111,1010010011001111011100,1001111010101000001110,0001110101000110111011,0110101000011011011010,0001001011101011101001,0101110010110101010001,1111011110010110101000,0100011110000001110110,1110111101100001001001,0111101001001100110100,0011010100101101100010,1000101111010101100010,1100100000100111101110,1111000111100010010010,0010100110110010111100,1100010001111000111000,1000001100101110010101,1101110101011011000100,0100000111011100001111,0010011001110110000111
1110100010011010100011,1011001000010001011111,0010010011001111011010,1001111010101100001110,1001110101000110111011,0100101100111011011010,0001001011111010101001,0101110010110101010001,1111011100010110001000,0101011110000011100111,1110111111101001001001,0111101001001100110100,0011000100101101100011,1000101111010101100010,1100000001100111101100,1111000111100010010010,0010110110110000111100,1100011001111000110010,1000001110101110010101,1001110101011011000100,0100000111011100001111,0010111001110110000111
1011011011011100000011,1011000100010110101110,0111010011010011011100,0110110000011111110011,1110001011100100111001,0001011101000011101001,1110110111101010001000,1101111000011000111100,0110111110000101001110,0000001010111011101110,1101001110001111010000,1100000101011101001101,1001010110110001011011,0111010110101100100101,0101100111010000100010,1000110011110111100100,1111101001100011000111,1010010101001001110110,0010101110010010010101,0100011101110110010110,0001100011001110011111,0011101101111101011000
1100011011010011101100,1101100010001111010110,1010011111000110000111,0110001101001101111010,0011101011010000110101,1001000010110101101011,0000011000111110110110,1011111000011000001010,0011101100110111001100,1101001111111100010000,1000101001101011011001,1011010100011011110001,0000110111110001010010,0001110111001110101000,1101111100100001100111,1010100110101000111100,1011010001100101011100,1110100001110110100010,0110110010111101000101,0101000101111010001111,1100110100010100011101,0111011010100010011011
1111010000011000001111,0011001000101010111011,0011010010110011010100,1111011101111000110000,0001000111011010101110,0100011011000001111101,1101101010110001100011,1010010011101111101001,0010110111100000100111,0111000111100101011010,0000111001111101001110,0110110010011110110010,0110101101010011001001,0111100001001101100101,1010001110011101010101,1100000001110110110111,1100100100101011111100,1001110101001011010011,1011011100000111100110,0001110100010100111001,0101011110101110000101,1011101011000110011100
0111100011001001110100,1110011100110000100100,1001111110101001101010,0001010101101111000101,0100111001100001011001,1001101001111100010110,1000001010100111110001,0010101110111010011101,0111001111100100000011,1101000100011001010011,0101111000011110100001,1111100100100110011000,0011011000000010111111,1010110001010011000011,1101001011010011001100,0100100000110101101111,0100111110000111010110,0010001101011101111000,0100010011111010111010,1100101101001010101111,1110010010001100001101,1001110111010100111101
1101111010001101100100,1010011001100111110001,0100110101011110110001,1000010100111001111110,1001000011110110100110,1111000110010111010001,1011110111001010001000,0000001011001011010101,0110001101010011101100,1101001001011100011010,0011100001111001010100,0001010101000101001111,1110100011000000111111,1100111111110001000011,0111011100100010010110,1010101100001110000111,0001101110100100111001,0011011010011000100011,0110010010111100001101,0010111010010111011010,0101100000101011101011,0110000111101101100010
1111010001011000000011,0011001010001111100111,1010001111010110010010,0000110001011111111010,1001100010111001010100,1001101001000000111110,0000111111011010001101,1100001000010011111101,0110000011100011001110,0101100011110110100001,0111100100001110011100,0110101101101001110001,1010100100110101101111,1100010111001101100100,0101111110000101011011,1100111000101110000010,0110111010010000110110,1011110110000011101000,0011011001110101001100,0001010100100010110111,0101001110111000101010,1010010010101100111001
1101101100111010000111,0101110010010101010101,1010011100000011010111,0000000010111110111111,0110001100011101100001,0011001011110011100100,1001011101110100111001,1110010001111011011000,1001000001001101110110,1010101010110101011010,0110100101100110110010,1010110110111000110100,1111010110010110101110,0011000111011000011011,1111101010001010111001,0000111111001111001100,0101011110101001110010,0100111001010000111110,1100000111100001101101,1110011011101100000111,0011110000101001101111,1000110011010011100011
0000110001110111100110,1011100000010001110101,1000001001111101011011,1100100011001110110011,0110100100111000111110,0101111010010101011010,1011011001000010111110,1001111100111110110000,1001000110100100101111,0011101101001100000111,1001110111101001010100,1100010101010000000011,1010100110011011001010,0100010100001111011101,0010011110100001110011,0111000111110110010000,1111010000101101100010,0011010011011000101001,1100001111011101100100,1110111010100100001101,0101101101100011101001,0101001010111010000111
1100011011010011101100,1101100010001111010110,1010001111000110000111,0110001101001101111010,0111101011010000110101,1001000010010101111011,0000011000111110110110,1011111001011000001010,0011101100110111001100,1101001111111100010000,1000101001101011011001,1011010100011011110001,0000110111110001010010,0001110111001110101001,1101111100100001100011,1010100110101000101100,1011010001100101110100,1110100001110110100010,0110011010111101000001,0101000101111001001111,1100110100010100011101,0111010010100010011010
1100101000101110111010,0000101011110101111001,0110011010100010101101,1100110111000000011011,0011110001101001101011,1010100000110011010111,0101000100111000011101,1010110100110100101100,1000011001011011001100,1111101100010011101001,1001101111101110000101,1110000001001101110101,0110101111011000100110,0100011101110110100011,0011001101000110011110,1111000011110101001010,0000000110011111101111,1001011110100001110110,1010000111111010110000,1011011010011100010011,0101110011010110110100,0110111110101111010000
1011011010100011100110,1010001111111101101000,0101011111001001011010,0110110010010101001100,1001100011110000011111,1010111100100100011010,1011100001001111000010,0000110001101011111100,1101110110111010000000,0001101110011100110110,1011010100011001010101,1100111001011000100011,1000011010001110001101,0000010111110111010011,0110001100111010001110,1110000111000110110100,1101001000010111111000,0011111111010010101001,1100100110000011101011,0110101010101011010001,0101101101100101000101,0111010000101100101011
1011011011011100000011,1011000100010110101010,0111010011010011011100,0110110000011111110011,1110001011100100111001,0001011101000011101001,1110110111101010001000,1101111000011000111100,0010111110000101001110,0000001010111011101110,1101001110001111010000,1100000101011101001101,1001010110110001011011,0111010110101100100101,0101101111010000100010,1001110011110111100100,1111101000100011000111,1010000101001001110110,1010101110010010010101,0100011101110110010110,0001100011001110011111,0011101101111101011000
1001111001100010010001,0111010010111010111000,0011000001100011101011,1001001100111010001101,1101010100010111100110,1100100001001110111101,1110001100100100111000,0100011110000011011111,0101010111010100001001,0101101010110100100111,0101011001101101001100,1000000011111111010010,1000110111100000101110,1010011011011001100101,1110110000111001001011,0010111001010110001110,0011010100101100010111,1111101111001010000010,1011100010000101011100,0000111110101111100001,0001101101011001111010,0110100101110011010100
0110011011110100100101,0001100111010101110001,0110001101111011110000,0001111010101010100010,1010110001101100111001,1111101010010010011001,0100100000100111010111,1111110100001001100101,1000001011001111101101,1011000010111001001011,0010111101010011001111,0101101001111100001100,0011011110100101011100,1110101111001100000010,1001001101100000110111,1100011000010101111010,0111000100000110101011,1101010111100011001000,0100010110011000011111,1010100110110110101100,1011010001011110010110,0111100011000001111110
1001111001110010010001,0111010010111010111000,0011000001100011101111,1010001100111110001100,1101010100010011100110,1100100001001110111101,1110001100100101110001,0100011110000011011111,1101000111010101001001,0101101010110100100111,0101011001101101001100,1000000011111111010010,1000110111100000111110,1010011011011001100101,1110110000111001001011,0110111001010110101010,0011010101011100010111,1111101111001010000010,1011110010000111011100,0000110110101111100001,0001101100011001111010,0110100101110011010100
1100011011010011101100,1101100010001111010110,1010001111000110000111,0110001101001101111010,0111101011010000110101,1001000010010101111011,0000011000111110110111,1011111001011000001010,0011101100110111001100,1101001111111100010000,1000101001101011011001,1011010100011011110001,0000110111110001010010,0001110111001110101001,1101111100100001100011,1010100110101000101100,1011010001100101110100,1110100001110110100010,0110010010111101000001,0101000101111001001111,1100110100010100011101,0111010010100010011010
1011011011011100000011,1011000100010110101010,0111010011010011011100,0110110000011111110011,1110001011100100111001,0001011101000011101001,1110110111101010001010,1101111000001000111100,0010111110000101001110,0000001010111011101110,1101001110001111010000,1100000101011101001101,1001010110110001011011,0111010110101100100101,0101101111010000100010,1001110011110111100100,1111101000100011000111,1010000101001001110110,1010101110010010010101,0100011101110110010110,0001100011001110011111,0011101101111101011000
1111000110011001010101,1001011010011110011000,0111010110101010101010,0001001010101100100111,1100110100101110000101,1110011111100100010011,1010101000101010111001,0110100011111101001000,0001100111000110110001,1000100110100101111110,0010110010110011010111,1010101111011010100110,1101110001111000110010,0010010101011100111101,1111100000010110001111,0101001101110010011100,1011000001101111010110,0001111101001001001011,1100010011000011101101,0100001100011111110011,0111111000000101110100,1011011100110101100001
0000110001110111100110,1111100000010001110101,1000001001111101011011,1100100011001110110011,0110100100111000111110,0101111010010101011010,1011011001000010111110,1001111100111110110001,1001000110100100101111,0011101101001100000111,1001110111101001010100,1100010101010000000011,1010100110011011001010,0100010100001111011101,0010011110100001110011,0111000111110110010000,1111010000101101100010,0011010011011000101001,1100001111011101100100,1110111010100100001101,0101101101100011101001,0101001010111010000111
1100011011010011101100,1101100010001111010110,1010001111000110000111,0110001101001101111010,0111101011010000110101,1001000010110101111011,0000011000111110110110,1011111001011000001010,0011101100110111001100,1101001111111100010000,1000101001101011011001,1011010100011011110001,0000110111110001010010,0001110111001110101001,1101111100100001100011,1010100110101000101100,1011010001100101010100,1110100001110110100010,0110010010111101000001,0101000101111010001111,1100110100010100011101,0111011010100010011010
1101101000101110111010,0001101011010011111001,1111011010000010001101,1100110111000100011011,0010110001101000101111,1010100000110111010111,0101000100111000011101,1011110100010101101000,1000011001011001001110,1111100101001011000011,1001101111101100000101,1110001001001101110101,0110101110010000100110,0100011101110110100001,0011001101000110011110,0111000011110101001010,0000000110001111101111,1001010111100001110110,1010000111111010111000,0011011010011100010011,0101110011011110010100,0110111110101011011000
1111000110001001010101,1001011010011110011000,0111010110101010101010,0001001010101100100111,1100110100101110000100,1110011111100100010011,1010101000101010111001,0110100011111101001000,0001100111000110110001,1000100110100101111110,0010110010110011010111,1010101111011010100110,1101110001111000110010,0010010101011100111101,1111100000010110001111,0101001101110010011100,1011000001101111010110,0001111101001001001011,1100010011000011101101,0100001100011111110011,0111111000000101110100,1011011100110101100001
1100011011010011101100,1101100010001111010110,1010011111000110000111,0110001101001101111010,0111101011010000110101,1001001010110101111011,0000011000111110110110,1011111001011000001010,0011101100110111001100,1101001111111100010000,1000101001101011011001,1011000100011011110001,0000110111110001010010,0001110111001110101001,1101111100100001100011,1010100110101000101100,1011010001100101110100,1110100001110110100010,0110010010111101000001,0101000101111000001111,1100110100010100011101,0111010010100010011010
1111010001011000000011,0011001010001111100111,1010001111010110010010,0000110001011111111010,1001100010111001010100,1001101001000000111110,0000111111011010001101,1100001000010011111001,0110000011100011011110,0101100011110110100001,0111100100001110011100,0010101101101001110001,1010100100110101101111,1100010111001101100100,0101111110000101011011,1100111000101110000010,0110111010010000110100,1011110110000011101000,0011011001110101001100,0001010100100010110111,0101001110111000101010,1010010010101100111001
1110000011000111001101,0100101101010001100111,0011111010000011101110,0101110001011100111100,0111000110101101100010,0111111100110110000001,1001100100011111001011,1101010100100011110101,1000110111110101100000,1100101010101010101001,1001011011001100000111,0011100011111011010101,1011001001110101111011,0100111001101111010010,1110110000111000000110,0101001111110010001110,1011101101101001001100,0000100110100100011111,1010001100011110110100,1111100111000010010010,0110011110011001011001,0010010101101010101011
0101111011001001101110,0000110100001011111001,1111111100101100001000,0011100111100111000101,1011011111010001011010,0101011110010110110011,0010110010110100111110,1101100001110011110000,1110101010000010011011,0011001000011010011100,0110011101100000110101,1010011010111011100001,1101010000110001001111,0110000001010101101001,1011100101011000100111,0100000111111010001010,1100101110011101010100,1001000011101100111101,0000101001111101010011,1000001100100111101110,1000111001010110001101,1110010001001111010110
1100000101111100101011,1011010011010001001110,0001001000101111001111,0100001111000011110011,0000111101110101010110,1011001100010100011101,0110010110111010000101,1001010010110111110001,1101000110100000010110,1100101110110011001000,1101111000011001110111,0101110110000101101101,1110001011101101100100,1000100011001110011101,0101011011011100011000,1001011101101010101100,1110010100001111011010,1111111001100110000011,0111100001110010111100,0011101110011110100010,0011100101101001010001,0010111010100000111011
1011110011011111000100,1100011111000110100010,1101110100111000101000,0110110100100111011100,0101111001010100011011,1111101001001001110110,1101001110001101011101,0100100111111011000111,0111000010010010101110,0011010111001001011010,0000101111011100111100,0001011101010011101101,0001101010101111101010,1000011000111010011110,1010000100110101110011,1110001011110001001000,0011111110100000000111,1010101100001010001011,0110010001101100101101,1001100011100010111001,0110111010011011110001,0111001101111110010000
1110010100100111101000,0001000100111010001111,0111111101110001000100,1010100011110110010101,0010100110001101100110,0010001001110001111010,0100100111010101001011,1000111101001011011010,0101101011101110101000,0011110001000100101111,1011001111000011100001,0110111110010010110011,0100010001011111110101,1101010111100000110110,1110011011011000001101,1111001000101101010011,0000011110100101011101,0111100010000011011100,1001011010010111000110,1101101100010100111100,1001110010111001101001,0011010111011100011000
0111100001001001111110,0001011011111101000010,1010011010011011010111,1010101110100101011010,0001000100101011110011,1000100011111110100100,1011010110001101101101,0010001101010100100111,1001011000000110111110,1111001100111000010100,0100101100001111001101,0110011111101010101010,1011111101000011100000,1100011011100001110101,1100110100110001101110,0010111000111100111001,0001110111010010011101,0110010110010111110000,1100110101001100010011,0111110010100110000111,1111000001110111001001,1101101010010000101011
1100110101111010101001,1001000111001110110101,0110101111010011010100,1000100011100111111010,0111001100100111100011,1001011011110001000001,0000111110111100010110,0011010101101001011000,0101111000000001111101,0101100001011101010011,1011110000011011100110,0011101011101010001111,0101010111010110001110,0110000010111101101101,1000001101011001101110,1110011010001011011011,1010110101000101001101,1111001000110110011100,1101100110101001000110,1011100110010000111011,1111111011001100100000,1110010001100000110111
1100000101111100101011,1011010011010001001111,0001001000101111001111,0100001111000011110011,0000111101110101010110,1011001100010100011101,0110010110111010000101,1001010010110111110001,1101000110100000010110,1100101110110011001000,1101111000011001110111,0101110110000101101101,1110001011101101100100,1000100011001110011101,0101011011011100011000,1001011101101010101100,1110010100001111011010,1111111001100110000011,0111100001110010111100,0011100110011110100010,0011100101101001010001,0010111010100000111011
1000100111110100010001,1100111001000101110010,0101111110011001010100,1110101110000010100110,0010011101110101100100,0101011010100110110101,1100000100101111011100,1010010010101001110111,0011100011001100111100,1001001100111000111010,0100010111011110101011,1110001001011000011101,1001110000010011101101,0101000011110001001110,0111100000111101100011,0000101011101011101001,0011000101000011010011,1001001011011111000110,0010111010110110011010,1111110001101010000000,0001111101101100001111,1111011110000101001001
1000011110001100001011,0011110011111000101010,1111001101100110101110,0011010110100101110101,0010101011000111100111,1010111100110011000000,0101100110100011101001,0111011000010010010011,1010110001001010111101,1110100010111100000101,1001010001101111000011,0000101101111100110011,0111101101001001000101,1110001010101001110010,0001011000011111101100,1001100110011010010110,0100011111101010000100,1001001011110001011101,0100110000100101011110,1101111011000100110000,1100010101010001100111,0110000111011111011000
1110110010001010100011,1011001000011001011111,0010010011001111011000,1001111010100100001110,0001100101000110111011,0100101000111111001010,0001001011111010100001,0101110010110101010001,1111011100010110101000,0100011110000011110110,0110111101100001001001,0111101001001100110100,0011010100101101100110,1010101111010101100010,1100000001100111101101,1111000111100010010010,0010100110110010111100,1100010001111000111010,1000001100101100010001,1001110101011011000100,0100000111011100001111,0010011001110110010111
0010110110000011110100,1111110100011100000101,1111000101010010110011,1001011100110110100110,0100100111010100101110,1100011110011101010010,1011010011001101101010,0101110000010111011000,0011001010010100111101,0011111101001000011110,1110001100101110111000,0110011001111001100100,1000010101100101011101,0000110100111000111011,0001101101001111100001,1100101000000001101111,0101000110101011001111,1101100011101000110100,1011101111110001001000,0110111011100110000011,1000011011011010001101,1010100001111111010110
1110110010001010100011,1011001000010001011111,1010010011001111011000,1001111010100100001110,0001110101000110111011,0100101000111111001010,0001001011111011101001,0101110010110101010001,1111011100010110101000,0100011110000011110110,0110111101100001001001,0111101001001100110100,0011010100101101100110,1010101111010101100010,1100000001100111101101,1111000111100010010010,0010100110110010111100,1100010001111000111010,1000001100101100010001,1001110101011011000100,0100000111011100001111,0010011001110110000111
0111100011001001111110,0001011011111101000010,1010010010011011010111,1010101110100101011010,0001000100101011110011,1000100011111110100100,1011010110001100101101,0010001101010100100111,1001011000000110111110,1111001100111000010100,0100101100001111001101,0110011111101010101010,1011111101000011100000,1100011011100001110101,1100110100110001101110,0010111000111100111001,0001110111110010011101,0100010110010111110000,1100110101001100010011,0111110010100110000111,1111000001110111001001,1101101010010000101011
0001001101101011011111,0010110111001011101000,0110001100011111100101,0101111111110000100110,0110011011110110011000,1100100011011010011111,1111001010001000101010,0111110001001101010011,0001100110111100110001,1101010101010001111001,1011111010000011010101,1010111100110000001011,1101110100101110001100,0011010000011010110110,1000011001101010100001,1000011110011101010010,1110100100100011110010,1001101001010111101010,1011000011111001000100,1011000111000110000011,0000010010100101101111,1010101101000100111100
1100000101111100101011,1011010011010001001110,0001001000101111001111,0100001111000011110011,0000111101110101010110,1011001100010100011101,0110010110111010000101,1001010010110111110001,1101000110100000010110,1100101110110011001000,1101111000011001110111,0101110110000101101101,1110001011101101100100,1000100011001110011101,0101011011011100011000,1001011101101010101100,1110010100001111011010,1111111001000110000011,0111100001110010111100,0011100110011110100010,0011100101101001010001,0010111010100000111011
0110011011110100100101,0001100111010101110001,0110001100111011110000,0001111010101010100010,0010110001101100111001,1111101010010010011001,0100100000100111010111,1111110100001001100101,1000001011001111101101,1011000010111101001011,0010111101010011001011,0101101101111100001100,0011011110000101011100,1110101111001100010010,1001001101100000110111,1100111000010101111010,0111000100000110101011,1101010111100011001000,0100010110011000011111,1010100110110110101100,1011010001011110010110,0111100011000001111110
1110110010001010100011,1011001000011001011111,0010010011001111011000,1001111011100100001110,0001100101000110111011,0100101000111111001010,0001001011111010100001,0101110010110101010001,1111011100010110101000,0100011110000011110110,0110111101100001001001,0111101001001100110100,0011010100101101100110,1010101111010101100010,1100000001100111101101,1111000111100010010010,0010100110110010111100,1100010001111000111010,1000101100101100010001,1001110101011011000100,0100000111011100001111,0010011001110110010111
1100000101111100101011,1011010011010001001111,0001001000101111001111,0100001111000011110011,0000111101110101010110,1011001100010100111101,0110010110111010000101,1001010010110111110001,1101000110100000010110,1100101110110011001000,1101111000011001110111,0101110110000101101101,1110001011101101100100,1000100011001110011101,0101011011011100011000,1001011101101010101100,1110010100001111011010,1111111001000110000011,0111100001110010111100,0011100110011110100010,0011100101101001010001,0010111010100000111011
1100101010101110001101,1000011101000111001011,0000010011101011110001,1110111101101000100100,0001000100111101101100,1111010011100111010100,1100010011011010101110,0101111001110010011000,0001111111001100010110,1011011000111000000111,0100110110110101000011,0010001111110110100010,1000100100110011010110,1101001110100000111011,0111101000001011100010,0010100001100100111111,1001101011010001100101,1010111010011101111000,0100011000010110110101,1111100101011110010001,0110001111011001011101,0011110110000010101101
0001001101101011011111,0010110111001011101000,0110001100011111100101,0101111111000000100110,0110011011110110011000,1100100011011010011111,1111001010001000101010,0111110001001101010011,0001100110111100110001,1101010101010001111001,1011111010000011010101,0010111100110000001011,1101110100101110001100,0011010000011010110110,1000011001101010100001,1000011110011101010010,1110100100100011110010,1001101001010111101010,1011000011111001000100,1011000111000110000011,0000010010100101101111,1010101101000100111100
1110000011000111001101,0100101101010001100111,0011111010000011101110,0101110001011100111100,0111000110101101100010,0111111100100110000001,1001100100011111001011,1101010100100011110101,1000110111110101100000,1100101010101010101001,1001011011001100000111,0011100011111011010101,1011001001110100111011,0100011001101111010010,1110110000111000000110,0101001111110010001110,1011101101101001001100,0000100110100100011111,1010001100011110110100,1111100111000010010010,0110011110011001011001,0010010101101010101011
0001001101101011011111,0010110111001011101000,0110001100011111100101,0101111111000000100110,0111011011110110011000,1100100011011010011111,1111001010001000101011,0111110001001101010011,0001100110111100110001,1101010101010001111001,1011111010000011010101,0010111100110000001011,1101110100101110001100,0011010000011010110110,1000011001101010100001,1000011110011101010010,1110100100100011110010,1001101001010111101010,1011000011111001000100,1011000111000110000011,0000010010100101101111,1010101101000100111100
1100000101111100101011,1011010011010001001111,0001001000101111001111,0100001111000011110011,0000111101110101010110,1011001100010100011101,0110010110111010000101,1001010010110111110001,1101000110100000010110,1100101110110011001000,1100111000011001110111,0101110110000101101101,1110001011101101100100,1000100011001110011101,0101011011011100011000,1001011101001010101100,1110010100001111011010,1111111001000110000011,0111100001110010111100,0011100110011110100010,0011100101101001010001,0010111010100000111011
0000110001110111100110,1111100000010001110101,1010001001111101011011,1100100011001110110011,0110100100111000111110,0101111010010101011010,1011011001000010111110,1001111100111110110001,1001000110100100101111,0011101101001100000111,1001110011101001010100,1100010101010000000011,1010100110011011001010,0100010100001111011101,0010011110100001110011,0111000111110110010000,1111010000101101100010,0011010011011000101001,1100001111011101100100,1110111010100110001101,0101101101100011101001,0101001010111010000111
1101101000101110111010,0001101011010011111001,1111011010100010001101,1100110111000100011011,0010110001101000101011,1010100000110111010111,0101000100111000011101,1011110100010101101001,1000011001011001001110,1111000101001011000011,1001101111101100000101,0110001001000101110101,1110101110010000100110,0100011101110110100011,0011111101000110011110,0111000011110101001010,0000000110001111101111,1001010111100001110110,1010000111111110111000,0011011010011100010011,0101110011011110100100,0110111110101011010000
1010110100011010101111,0001111101110111100001,1011100110010111010110,1101111100101001010010,0110111110000110011001,1011010110001101101000,0011011001001110001110,0001001011001011111011,1100110011011110110010,0111100000100111101010,1011110011100000110101,1111010001010011011001,1101011010010100100111,0101100101010000111100,1001101010111010001000,1110101001001101000101,0111000111111000000011,0110011010111011110100,1010001101110100111010,0000110000111101011111,1101000100101110110101,1100010111100011001110
1101101000101110110010,0001101011010011111001,1111011010100010101101,1100110111000100011011,0010110001101000101011,1010110000110111010111,0101000100111000011101,1011110100010101101000,1100011001011001001110,1111000101001011000011,1001101111101101000101,0110000001001101110101,0110101110010000100110,0100011101110110100001,0011001101000110011110,0111000011110101001010,0000000110001111101111,0001010111100001110110,1010000111111010110000,0011011010011100010011,0101110011011110000100,0110111110101011011000
1100101010101110001101,1000011101000111001011,0000010111101011110001,1110111101100000100100,0101000100111101101100,1111010011100111010100,1100010011011010101110,0001111001110010011000,0001111111001100010110,1011011000111000000111,0100110010110101000011,0010001111110110100010,1000100100110011010110,1101001110100000111011,0111101000001011100010,0010100001100100111111,1001101011010001100101,1010111010011101111000,0100011000010110110101,1111100101011110010001,0110001111010001011101,0011110110000010101101
1010110100011010101111,0001111101110111100001,1011100110010111010110,1101111100101001010010,0110111110000110011001,1011010110001101101000,0011011001001110011110,0000001011001011111011,1100110011011110110010,0111100000100111101010,1011110011100000110101,1111010001010011011001,1101011010010100100111,0101100101010000111100,1001101010111010001000,1110101001001101000101,0111000111111000000011,0110011010111011110100,1010001101110100111010,0000110010111101011111,1101000100101110110101,1100010111100011001110
0111100001001001111110,0001011011111101000010,1010010010011011010111,1010101110100101011010,0001000100101011110011,1000100011111110100100,1011010110001101101101,0010001101010100100111,1001011000000110111110,1111001100111000010100,0100101100001111001101,0110011111101010101010,1011111101000011100000,1100011011100001110101,1100110100110001101110,0010111000111100111001,0001110111110010011101,0100010110010111110000,1100110101001100010011,0111110010100110000111,1111000001110111001001,1101101010010000101011
0111100001001001111110,0001011011111101000010,1010010010011011010111,1010101110100101011010,0001000100101011110011,1000100011111110100100,1011010110001100101101,0010001101010100100111,1001011000000110111110,1111001100111000010100,0100101100001111001101,0110011111101010101010,1011111101000011100000,1100011011100001110101,1100110100110001101110,0010111000111100111001,0001110111110010011101,0101010110010111110000,1100110101001100010011,0111110010100110000111,1111000001110111001001,1101101010010000101011
1101101000101110111010,0001101011010011111001,1111011010000010101101,1100110111000100011011,0010110001101000101111,1010100000110111010101,0101000100111000011101,1011110100011101101000,1000011001011001001110,1111100101001011000011,1001101111101100000101,0110001001001101110100,0110101110010000100110,0100011101110111100001,0011011101000110011110,0111000011110101001010,0000000110001111101111,1001010110100001110110,1010000111111010110000,0011011010011100010011,0101110011011110000100,0110111110101011011000
1010101011111100011010,0101010111000100111010,1100011001001111000110,0100001110101001110011,0001101101110101100100,0110110010111111101000,1001001001011011111001,0011111000100110110011,1111001010100010101100,1000111111100011001001,1010100110001100100101,0110011011010101010101,1100100011110010110111,0110101101001010011100,0101111010011000001111,0100001100010110001011,1010010100110001111110,1111100110010011010010,0011000011101011001111,1111010101111000000001,1101100000100101011101,0001010110111110010100
1101101000101110110010,0001101011010011111001,1111011010100010101101,1100110111000100011011,0010110001101000101011,1010110000110111010111,0101000100111000011101,1011110100010101101000,1100011001011001001110,1111000101001011000011,1001101111101101000101,0110000001001101110101,0110101110010000100111,0100011101110111100001,0011001101000110011110,0111000011110101001010,0000000110001111101111,0001010111100001110110,1010000111111010110000,0011011010011100010011,0101110011011110000100,0110111110101011011000
1110100000010111010111,1001000001111100110110,0000101110011100111101,0101100101100001110001,0010110001001101101110,1011111010010001110000,0000011101010111100011,1011000100001101001001,0110011001001000010011,1101110110001110110010,1110001111101011100100,1000110011111011011001,0011111011100110000101,0001001111000011011110,0101011000101111111100,0111000011010010101011,1100101010100101001011,0110010111110100011000,1010010100100010111111,1101111101010000001100,0101010110111001000111,0011101100111010001010
1111010000010010001111,0011001000101010111011,0011111000110011010100,1111011101111000110000,0001001111011011101110,0100011011000001111101,1101101010110001100011,1010010011111111101001,0010110111100000100111,0111000111100101011010,1000111001101100001110,0110110010011010010010,0110101101010010001001,0111100001001101100101,1010001110011101010111,0100000001110110110111,1100100100101011111100,1001110101001011010011,0110011100000111100010,0001110100010100111001,0101011110101110000101,1011101011000110110100
1111010000010000001111,0011001000101010111011,0011111000110011010100,1111011101111000110000,0001000111011011101110,0100011011000001111101,1101101010110001100011,1010010011111111001001,0010110111100000100111,0111000111100101011010,0000111001111100001110,0110110010011010110010,0110101101010010001001,0111100001001101100101,1010001110011101010111,1100000001110110110111,1100100100101001111100,1001110101001011010011,1110011100000111100010,0001110100010100111001,0101011110101110000101,1011101011000110111100
1111100001011010110000,1001010001110011101101,0100110000011101001010,1101001110001110001001,1001001001101100111010,0011100110110101011000,0111011000000011011110,0001111111010010101010,1100111011100000011100,0011110010101110100100,0110001101110110101100,1010101001100111000011,0101100101101011000110,1000011111011111010100,0100001010111011110011,1011111100111000000111,0010010101101010011011,1000100100000110111111,1110010110000001100010,0101111101000101110001,0010101011001001101101,0111000011010100010111
1000111110100111001010,1111001101110100000010,0010011110010100110011,0100101100101101110100,1100100010010001010111,1010000011111111110000,1001111011110100100101,1011010101001101011101,0100110111111000011000,0100001111011111001101,1101011000011010111110,0101110101000011100011,1111111010001110000001,0110011011100001000110,0001001111101010010111,0011101000110011011001,1110000110100010101101,1010101001001000101011,0111100011000110111110,0010110000111110000111,0011100110011001100110,0101000010101101101011
