011110111111110000000000,011110110000001111110000,000111001111000011111100,000001110011111100111100,011001001100111111001100,101011110100010001100101,111101011010000100010101,110111100001101010000101,101010000111101101011001,100100101010110111101001,110000011101011010111001,101101110100100010011010,111011101001000100101010,110111010010011001001010,101100000111011110100110,100010011001110111010110,110000101110101001110110,011001000011110011110011,010100100101010101011111,010010010110100110101111,000111001100111100110011,001010101010011010011111,001100011001101001101111,000001111111001111000011
111011011000011100010001,100101101000010111001101,110100111111010000100001,011000100101111101001010,001110011001110010000110,011110100110010011010100,010100100001001110110111,011100110010100000011111,000101010111111100011100,110011110011001011001110,100111101100101000010010,111001101101100010111100,110110000010110110111010,100000111010111101110100,000011110100010001111011,001111100011100101100001,101001000110111010100111,111101010100000101100110,001110111110001110101000,010110001100101001101101,001101001011011001111010,101010001111000100011111,101100010101101011011001,010001011110100111010011
001100011001011001101111,011111011110100000111000,011001000111110100001111,001000100101101101110100,010101010100010011110110,111010101010100010100110,000011110010101011001101,100011001111001000010111,011010001100001111011010,101101110000000100011111,101101101100111010000001,110110100001111000011100,111100100111000011111001,100010010100110110111011,101001011011110111011100,010100111011101110010011,001110110111010101000010,110110011100100101000101,110001111101100001001010,111011010001001110100000,110000111110011100101100,000111101101000110101100,100101000010101101101010,010011101000010101110001
010100110010110111010011,101001110001111100110011,000101100111011110101110,110001010111000011100010,110000110100001101011100,010011101111101100000001,100110101101010111110001,100101111010101010111000,001000011101101111001010,100010111010100101100110,101001011110010110001101,010000001011110001111101,001001101110011001010010,111111100001110001001000,111100101001001010000111,011010110100111010100100,100011000100101011011111,001110110111000000111011,010111011000011001101011,101100000110101101100001,011101001100100100110110,100110011111111000010110,001111010011001111010100,111010000010011110111010
101000000101001111100111,001000011011000110111110,010101010001101110100100,110001111011011101010101,000110101001111101110010,101001100110110011110100,111100000011110001001010,010101001100010111011110,001100110101011010011001,010110101111100011001101,001011000000101101011101,011001101110111100101011,111011101001000110101000,011110001010011011100101,100101111000001001101110,100111000111010100101101,110010110000110010111111,001011011101110000000110,010011010111001001111010,111100011100100101110001,100101001011101010010011,100010011110111111001000,001111110010000111000011,111110100110001100010110
011110111101000100110001,100010101000100101101111,010011110110110010100101,100000011111101110010110,111111011000010110001100,001110111011101011001000,101110000101010011000111,110100010000111101000001,010010000001011111111100,010101100011000110001011,101101010001101000111101,011110000110101100001110,100110001110011010111001,001011010010001111100011,011001101000111010010111,001000011110010101011101,010111011011110001110010,000101101101011101100100,001100110100110110111010,101011100011110100010000,111001001101100011101000,111000111011011000101010,110011110100001001011010,111100100010000011110100
011101010100111110100001,110101010010101011000110,000010110110111101010001,100011011101011011110000,011111101101100001000010,111110001110110110011000,101111000011010101100101,111010110000110001101100,001101111000011101011100,100011011100100100001111,101100100100001011101011,000101110111010010001100,110000100101010111010111,001110111010000010110111,000110001001111110101110,100101101010110000110011,001001010011100111111010,011011000110011000111110,010011101010001111101001,101000101111101100100100,110110110001001100111010,101011100001101010011101,111000011011011000001011,010100001101100001111101
110101001011110011101001,101100010111110100100010,001001111110101000111001,101100011000101011001110,111100101000000110110011,010000010101101111111010,011010001110011010100110,100111000101001000111111,011111010000100001110100,010110111001101000000011,111110110011011010011000,110011011011000100001110,011100101101010001001110,001111001111001111010000,101011100000011101101011,000110110110000111001101,100011111100110010010010,100010101011101001110100,000101111001011110100100,010101100010111100011110,001001010011010011010111,001010001001110110011101,111001100101101110000101,110000011100011101010101
000101100110110101011011,100001011011111111100000,100111000111001100001100,010100001111001011000011,101001000100011010101111,101100111011000100100011,011000011101110100001001,110000110110101000110101,100010001101100001111010,111111011110010010010000,000011101101011110110001,010010010011010110111110,010111011000011001101101,011101000001100111110101,011011110100101101100010,101010010000001111011001,000100011100101110010110,110101110001101010011010,001011010011111000010111,001110101010111010101000,111000101001011101010110,001001111111000011011100,100110110101110011000101,110011101010100110001111
001101000111111011101000,110100110001010011111100,101111010011000100111010,101010101001100111100010,100110100100111101011010,000011110100100110101101,001000111011101101011101,100110001000011111101101,110000110111011100100001,101010000111110010010101,111011101110010001001100,110010010010101011001010,010111000001110101000111,000110111010111000100110,011100011100110110001011,100001011010110001110011,110001001101101000111110,011000000110000111110110,011011100000011010111011,101101110100001011000111,110101101010101110010000,000110101111000011011011,000011011101011111010000,011110011100101001110001
010000100101000110110011,111011111010000110011000,111000011011110010110101,010110011001011010001011,001110101000100111101101,101011110101100000001101,100011101011001001100111,010101001111010101011101,111101100000110000010011,011000101110101000001110,110111000100101010111100,101101100111011011101000,100011000110110110001011,001101010011101110000110,101000010000011101011111,110010100001111111000100,100100111100010100100110,001011001101111100110000,101110001101000011010010,110001011001100101101010,011011010100010011100110,000001111100101011010001,111110010110101101100001,000110110011110001111010
001110101110000001101101,100011101101011100000111,110110110110011001011010,110010100011100100111100,111110010000001110100111,001110101010111110010000,101100111001010101110110,011101000011111000001111,100111001000110011111011,100101010110010110101100,101000000101101011011100,010001011000001101011101,101001110110101000110001,111010011011010010001001,011101100101000110011001,011011110000110011000100,100100110011100111001011,010110010101111101100001,010000111100111010101010,110101101011001011100000,000111011111100010010110,010000000110010111110111,001011010011001111101010,111001001110100101000010
111010100011110010110000,101111100100111101000001,000010111111110001000010,111011001001001001010110,000110001011001111100101,110110010110011100010100,100101000111000011011000,010001100011101100001100,001111010010101000111011,011110101100100101111100,011101011101110000000101,100001111101101110110000,110010000101100100101011,010000110101011001111001,100001101110010000110111,100011010000110011101100,011001010110000111100010,101100110001010100101110,111010111110001010001101,110100110000100011010111,101000011010110101011001,010111101000010110011011,110100001010111011101010,001000000101111110011110
000110011101110011101100,101011010001001101111010,010000110111001110001110,100110100011100011010111,101000100100011011011101,000101101110000101101011,110111010000010100011101,110101101001011111000010,110010001101101110101001,110010111110010010110010,011101100001100010111000,011110100010001101100100,001110011010011010001011,101111101100101000000110,010011110111111001000001,000100111001001000110101,001011001111010110010100,101000111011110100001000,111001011010000011100101,011100011100100101010011,001011110000110110100111,111100000111010000100111,010001001010111001111110,100101010110111110110000
101011001110000111001011,001000101011001010110011,100110011100110001110011,000110101010010110010101,110101100110001111110000,000101010111000010101101,100000100001110111101111,101101110010101100000111,011100011100011110101110,111101001011110010000000,010111001001001011000111,110011111000000010111110,001111111001010101101000,100010111101101110000100,011010010010100111100001,010011101110111000101001,000011010011111110011010,101110000010101001111100,110000011011001101011001,111010110111010001000110,001001110100111011011101,011110100101100100011011,111011000101011100110101,010001001111100101110110
000100111101100001111100,001001011110000010111011,011000111100101101000011,000110100110011011101011,011110010001100010100111,011001000010111001111100,000100011010110110010110,011111101100010010000100,001011110101111110110000,101110001000001110011101,100001100000100111101110,001101101011001100100010,111100010111000111001000,110101111011111010001001,110111100110100100110001,000011001111101111000101,101010111010010001100101,010011110001010101011111,110101010100011100100101,101101000101110001010011,110000100111001010010110,010000101001010111110001,110010001101110100101010,110111011000001011110010
111100011001001101001010,110101101010100011111000,010000110011000101111101,100110110100000011101111,011110100111010001010010,011010001101100010101110,110010010110011110110010,101011100111000111001000,001101011110011011100100,001101100001011110111011,101110000011101000110001,011110101010001110000101,100101101111000100110110,111001000100100111010111,010101110110101000001011,111111110000110100100100,000111011011110111000011,000110001100111101011100,100000100011111011000110,110011101101011001100001,001011111000101101110010,101011011010010000011111,010111010001001010010100,101000111101110010010001
011101011010101000011000,111111000001100110110100,100011000110111101011100,010011101110010010110101,110001111001000101001101,111000011110010111100000,110100001101010001010110,100110101011001111010001,010100100010101111100110,100110011100100011101101,101011110100001001110010,111111100010110001000011,111000100101101010001101,100001001111101100100011,001110111111100100000100,011010000111000101111011,001010011000111111010111,010111010101011110001010,101110101000011100101110,110100110100111100110001,001101101101110111111000,001101010011011001100101,101101010110000110011111,100000110011110010111010
100010110001010001111101,000110001101010110101001,110010000001101111001110,100001000100111100111100,010101110101101101100001,101000110111110010001010,101100000011011101110010,100111011001101010010000,000011010110011111010111,001001001011101001101101,111101010000010111001001,011000101001110111010100,111001000101000010110111,100100101100100001011111,110100011010110110100111,110000011110001011111000,011110010111100100011100,010111100010110011111010,001101111000001110101110,101011011100100101100010,101010100010101110110001,011010011000111000011011,110001101011000100011011,111111101110011000000100
000010111110111001011010,101011100010001001111101,100111011000010010111110,010010110001111010100111,010101011011001001110011,001001110101010100101011,110111100111110000000000,011011101100100101100110,000101100101100011011101,010110000010010101001111,111110010101001100011100,000111010110101110100001,001000001111011011101100,001110101011000110010011,100100101011101100101110,111100111000100011001001,100010001001110101110001,011001000000111110011000,101101001100111000000111,111000000110100010111011,001100110010110000110100,100100100100011111110010,101001010011100111000110,110001111110010110010101
010011011100101110100001,011011110010101000111101,001110110000010110101111,011100001110100101101110,101011000110011101011011,101101101000001100110101,110111011100000010011110,111110001011011000101000,101110010111100010110001,011101010001001001000011,000110001101111000110111,100100011010111011001101,110100110010111100010010,111010100001101111000110,110001100111010010100111,101011111000110001100010,001001011011110110010110,000111101011100100001011,000111110111010101000100,110010011011000101110111,010101000001110111111000,000000111111001011111010,111000111101110100011001,011110101010010011010001
000011101101011011111000,100001110111010100001001,100111011110101100011000,001011010001110010011110,011101111001011100010100,111111001010011010001001,111001101100100001101100,110010011011010001110010,101100011101111011000101,100110100100011101001110,010011111100001110100111,011110110110000011010000,001000111010001001011111,110100101001100110011011,101111100101001000110011,110001000111001111010110,101010100010111110110100,010100000110111000111101,011010010001101101101001,100101010000000111111101,001100001111000110101110,000101110010111011100010,001001001100110101010011,000111101011100001000101
010111000001011111010010,111110111001100000000010,111000001100101110110011,011111101100011000100101,010100101111110101000110,100110101011000110010101,100110100100110001011011,010110010010101011100101,001101010111110010110001,000010111101101100111000,101011110110111111000000,110001110011011000110011,001011000011101100001111,101100010101001101110101,011100110110001010011110,101100001011011011101010,110111000110000100101000,011010011010010101011001,110001011101001011001001,111001100001100011111100,100011011110000001110110,110010010101010110101110,100101011000111100011100,000101111000000111101011
010101100101111011000011,101111110000110000010001,111001001010110101011010,010100010100011111111001,100101100101010101110100,001011101000011010101110,001110001111111100100000,111010010100101001100110,110011001101001000011101,101101010111000010101011,001000111101110001001101,111100111011001011010000,010011111001000101100011,100010100010101111001101,010100101010100000111111,001010100101100110111010,011101010001100110001100,100000011001111110110111,001001110110001100010111,000110010011011001011110,011010000011010011110101,001110001100000111010111,110010111110010110000110,000011011110100011110000
100110101101000110001110,110010101011101001100001,111001111100001001011000,111100110001110000110110,011011100111011100101010,000000001111101000111111,100111110010011000011011,100010010110000111110010,001001111011000101000111,111101001110001010100111,011110011110110100001001,000101110101101110100001,010011011000101100010110,101010000100111101000111,100101001010110101101100,010011110100110011101111,001111001101110011010010,001010101000011110110100,101011010011101010001100,110001100111110110010101,110000011001011111001011,011100100010101111011010,011111000001000101111101,010110010111011001000100
001010011011111011010101,011101000101110101000100,010001111011000110001111,000001101010111111111000,001101100011101000101111,011110000000001111101011,100100110001011111100110,000111110110011100000011,010011000101011010011110,100000011100101101011111,000111011101000001101001,111010101110010001101100,111011011001111100100010,101111010010000110111100,110110110011100001011010,101101001111001011000010,101001110000110011001011,011100111100100010110010,111001110101001001110001,110101001010010001110111,101100101001010100011001,110100010111111010101001,110111101000101010000101,100010100111100110110011
011000101101111010110001,010100101110100001011011,100100110101101110011100,000011010100101001111001,001101111100010100111010,111110010000100110100011,110101000001011111110010,001111010011111000010111,010111111001010011001001,111010110010011011011010,011001010111000011100110,101110001101110001101110,101000011001001101001011,111011000111010100011001,011110100000001101110101,100100110110011001100001,101101001010000010111101,100011111011100101110000,001111001110101111000000,101001100000110111001111,000010100011001110101011,010000011010111100101100,110011101100001000000110,000010011100010111010111
011000000110111010110101,100111100110100110110000,001101111110011101010010,000100111001010110111111,110101010101111100010011,101111001000110011000101,111011110111010000100110,011110110100101100001100,100010010100011011011000,110110111010001001110101,110100101100110001101010,101010101101101000010011,101001110000101011101011,011110000001001111100010,000010011110100101100111,101001001101001101111100,110011001010101110011110,000111011011111000101000,101100010011100001011110,100000100011111111000100,011011100011110101011001,111100011111000110001001,010001111101100011010100,000111100111001011001111
101100101010101101010011,100000011111010110011001,100111001010011011101000,000110111100110110110010,101010000101100110100111,111001010010110011010010,110011101111000001110010,010000111001101011101011,110000001100111000110101,011101101111100010011100,111100100001010100101000,100111111001110000000111,100001110110100101101100,001001111001011111110100,010111010011101100110001,101101010100001000111011,011011001100110101001001,000110000101111101011110,111010011010001100001110,010001100110011110000111,011100011111010001100111,110110110100000011010101,001010100010010000111111,101010110111111000000000
110001100011001001110110,110000011101101010110101,111010101110010010111010,101011011100010001010111,110100010101011001001011,011101011010001010001110,000110001011010011100111,111100111010010100100101,001101010111110010110000,001000100000111110011111,100011111001011110100010,000001111110100000101011,110111010010100110010011,010111101001110000011100,010011000110011100101101,011001101101000111000001,101101001001000100111111,001010011011001101011001,101111100000101011101001,100001001010110111001100,011010010001100101101110,101110101111101100000110,000110110100000111111100,010100001100111101110010
111100010001001110110100,111001001101101011000010,101110001101010100011110,000111100101101110100111,100100000010011111101011,000100111110001010011010,001101010001111001011101,110000111001110110011011,011110001010111000110011,101000110100111100101000,110111011000110010001100,000001011100110111110110,011001110011010000101110,011101101100010101000001,110010110100011001010111,110001000110101100011101,010110100111110011111000,101011010111010010010001,011010010100100111001111,101111110010100101010010,100100011111100001100101,010011011001001101101000,101011101000000011111101,001010101011111111000100
100110111110001000101000,100010000111110111011000,100101101001010110110000,110010101001101010010101,010001110010111010100100,010011011110011100010011,100111010000101101110100,001111001011011011000110,100001011011100000011110,001100110101111100011100,010010110001010101101111,001001100100001011111011,010101011101001111001000,000100111010100111000011,000111001100110110101101,011110010101100010110010,111100010010010011011101,111000001000111110101010,101001011101110001100001,010100001011111001111001,111111100011100100001001,100100000111001110100111,011000101110000101110100,110101100100110001000110
001111101110001010010100,100001111011100100110000,001110111100110000101001,011011010101000001111110,100011000010111010111011,111001110000011100110101,010010011001101110011101,111111100001100110000011,000010101011011101100011,011100001100111110110010,010001100110110111001100,100100100101000110111101,110110110110001100001010,101001011101011110001010,001100011010000111011111,000101010111111000000111,111000010111101011100001,110110011011010010100100,100010110100110011010110,101110000011111101011100,111000101111010000011011,110111001100010101010001,110101101000101001101110,010101110001011011011000
001011010011111010101010,010010101010010111110111,010010100111101000011101,101100110100001010110011,101011101110001100000110,110001111001111100100001,111100011011000110001101,111111100001100011010010,101010111101010001011000,110001011110100001111010,000111110011000101110100,100110101000101011101100,000101101101010010001110,001001011001101001010111,110011010100011011000101,001001100100100111101001,000100001111111111010000,011100110000111101001110,100111000000110100011011,101100000111110001100111,010110001101001101101011,011101101010011001001001,011111011100110000110100,111001000001011100111100
010110100111101001101001,110011010010000001011111,111101011110100101100000,001111010111000110011001,011001011001101011011010,011000100101100101010111,000101010101010001111110,100001101100110111011001,010101000010111110010100,101101101011001100001110,001011100010110011100111,110111101001000010110101,010100111010010111000011,100100010000101110101111,110011110101111100000010,101000110011011101110001,100000011111110010000101,000010111110001111110100,111000100110010010111010,000010001011110100111010,011110111000110000011100,111010000001010111001100,101110001100011001010011,011001001100011100101101
100101010100101110011111,101011000001011101110100,110010011110011100101111,111000101111101010110110,000010100111110001011101,101011110110111010000000,001100000111011110101001,011001110011110100001110,110111000111100101000001,110100110001011001010011,010110010001110010110100,111000001000110011011001,001010011101101001101010,011011110100000110110011,101110111011000100011000,000001011111010111010010,010101101100111100111000,011101010110001001011100,101101111101010000100101,000000111010101111100101,100111100010000011101010,010011101001001010001101,011110101100010111000110,001111001010111000010011
111010100101011010100011,101100101011110000000011,001011011101000000111111,110100011100000111001011,010100010111101010110110,011010010001110101010001,010001100110110100011111,101011000110100111110010,111111011000110010001100,111100000111001101001100,010111101001000011010110,001001111101101110000000,100111110110001000010001,100010011011011110011010,010111000011000110101001,100001001001101011111001,011110101000101100111010,001101000000011110010111,001010110010101011001111,000110001110111101100101,111000111010000110110101,100101110001110101100110,001100110110010011111000,011001011010011001100010
100000011100111110111100,110110101000101111000101,101000010011100101100101,001011011101001011001111,011101000010000111111110,011000111011011101011000,101110010000011001111001,001011101110110000011101,101110100111000110001000,101101110110101001010010,011110001111111001100000,001100100001111100101111,010010100101100101111011,111011111000010100100010,010110010111011100010111,111001000001111010010001,100010101011010011110110,011100111101000010110101,110101100101010001001100,100101001011001100111001,000111011001110111010000,010011110011101010101100,000001110110011111100001,110100011010110010001011
101000110011010011001011,101101011111000100000101,000111101110000111011010,011111110101011000010010,010100011111111001101110,111001101100100010100011,001001000110111011010100,111001000001010101111000,110100101001110010010100,110010110111100110110000,110011011000001010001100,011010101110010000111101,100101100011101000111101,001100011000111110111001,001011111001100001100100,010101010000000011110111,000011000101110110001111,100110001101011011100001,110111110010110101000001,011100100101001111001101,100000111100011101010111,101110100010011110100110,011010001011101101010011,101110010100100001011110
010100100101010100111010,101101000000100111011111,011100011010110001110110,101000101110111100010011,111111110110010001000011,001101101011110010101001,110010111010000110011010,100100111001001001100111,110101100010111100100100,001111110111001000011100,011110101101100111000100,000011101000010101110101,011001011001011110000110,101010110100110010100110,010001110101111011010000,010010000011111001001111,011000110110001111101101,110110011100011010011101,000111010110101110100011,110001001111000010110111,111010010001100100110001,111011001100101001101010,101110000011011111110000,100001011111110101001100
011101010001011000111111,010111000110110100110001,000001001101111001111010,110011010010010011011010,100110011101110011100111,011010100110011010101110,111000111100000001111101,010010101001100110011011,001010110101011111010001,000011111011000101100111,111000001010111101000111,110110011111011100001000,011111111000101001000010,100001110000111110101001,011001111111110010000100,011100010011100111101000,101101100111000001001011,000100011110101010011111,101100111010010100110010,110101100101001111110110,100110100011111001011100,101011001011001010110001,001111001000010111001100,101011010101100100011110
100100010111110001011001,010010110111101110000100,001100111101001011100101,010010011010011101110101,011010100011010011101000,101000111010100100101111,110000101101101001110010,111110000100100010110101,110001101010001011011101,000011110011000010110011,011000110100011000011111,111101010011000101010110,111001101101010100000001,011111001011101000001011,110111110000001101101001,101011000111001000111100,101011010001111011000100,001011011100100111011000,100110101001011110011110,000111101110110001000110,010001000101110111101111,101010000110001111000011,001101100010111110110000,110101011110011010101010
000101110100011011111001,111000001000101111111010,100101001101001100001111,110110011100010101100000,111010110101001000101101,111001101101110001011100,010101100111101110100000,100000011111110010101011,110011110000100110010111,011100111001011011000111,001011110111000101101010,010010000111011111011001,100100111011100101011001,010111001010100001101101,011111011110101000010010,100011011011001011110100,100110100110111001110110,010000111010011100111110,111101000011010000110011,101111101010011010001000,000011101001111100110001,001110010001110110111100,001000101110000110110101,101001010010111101000101
010110000011111010010111,000100010111100100101101,000001101111101001011001,011011011001110001001100,110010001110100101110100,011000100101110101111010,101001100111010100000111,100101001001000011111110,001010011101001100011111,111001001010111100111001,101010110001101111100001,111100101100101010001100,110000010110010011001011,011101010111001111010000,010001111000100110010111,000011110110011010111100,001111001110100010100011,010000111011001000100010,010111100000001101101111,100101011100111101000010,000110101011010110001000,110111111101010000110001,001100111010010001110101,101111110010100000011010
001110111101011000010001,110011111000111000001010,011101110100001101101001,000011011110100001111001,110111100001110001100101,010010001000011111011101,011001000001110010111011,110010010100010110100111,100110100101100111011010,100111000111011010101000,010100001111101100000111,101111010010110100011101,000001100100111100110100,001111011000101011100110,101001101110010111000011,001010101011000100101110,100001111001001010001101,010101111011000110110000,100100110010011001111111,011000110111110011001100,111011010111001001010110,111010100010101010110001,101000011001111101100000,111100001100000000111100
110110000101110001010100,011111010000111000101100,101011100010111010010111,100110011001011100001011,110011101001001011100110,111001100101101101001011,101011011110000001011010,111010001011100110101101,011101010011000001010111,101100111101100100100110,000001111001110111011100,110101110111010010101000,100001010110011101100101,001110100011001101111000,010001001011110100110010,001010010101110011100011,010010111111101000000001,111000111000011001110001,011111101100010111000001,110100010010101111000010,011000001111011010001110,000101001100101010111001,010010110100000110111111,000100101010110001101111
111001010101010011001011,101001111011100000110001,100101000110000100111111,110000110000101111101101,011101010110101100011000,010101111101001101100010,110101100010110011010010,010110011001100010010111,001011100011111101000111,010011011010110110101010,111110000001100101111000,011011100101011010111100,100111011000011001011100,101110110100011110110011,010110101110010001001001,111100001011011110000101,001000111010000111011110,111010001110101001100110,100011001111001111010001,000100010111110011100100,001101001000101011101011,101111101100100110000100,100110110011001010001010,100000101101111100011010
011011111000101101100000,101110100101100011101001,110101001101111010110000,011101110110111000001011,000100110001110001110110,111010010010110011111010,101011010111101000010101,001011000001011101111011,111000101011011010100111,100000011100110100101011,100001111111001011011010,011110111111010100010000,110000100100111101011100,010010001111101000101110,000110001010101111000011,111100010001101110001110,111101000110000101100110,101101001011110001001100,001100011100001011111101,010001100011100110111101,001011101100110110010110,110111101000000000011111,100111110010011110101100,010011010101010011000101
010110001011111011010011,111110000010001001111100,100011000111101011000110,011001011000011011010110,101010011101001000110011,000100110110011010101111,100011011010011101001001,100101101001101100011110,001001101111010011111000,011011101100100001001111,001011000000111110110101,001110001111010100000110,110000100100010101110011,111111100001011010000001,111000001110101110001000,010010110101111101101000,011001010011100100101011,010101001101001111100101,010010111011000110010101,010111010100000110011010,110101011110110000110100,101100010101110011011101,001101110110101101010001,101110111000100111100010
110011110000100110100100,111100010100001011010101,111000111011011100010010,001001100101101000110111,100001011100011111111010,010111110110111001010000,001111010010000110110011,011101011010101010001110,010000010011110010111001,010101101000011100011101,001100110000110101101110,010001110111000111001111,001010101110101111101001,011111101001000011111010,100110110001001010001011,100010101010110011010111,010110000111011110100110,101011000011101101011100,010010011101100100011111,100100111111000000111100,101101001101110110000001,111011000110010000101011,110101001011101101100011,001011011001011001100101
011000110110101101101010,110011010111010100101100,011010011001001010100101,111011101110001100010000,001001001111000101110111,111101000010000011111001,110110010100100001010111,100110011001001101111010,101000000100011110011111,000011010000111111110100,101011110011100010011110,010101111100010010111010,001110001110110000111001,101101100101111000100100,110100101010110110100110,100001011110111011000011,010100001111101011011100,111000111001110101011001,010111000101100110001011,100010101100000011101101,000101110010001100001101,011111001000011001001110,010010100011011001110011,001110110111010111000000
011001101010000100111001,101100010111100100011101,111110010000011110101100,101011000001111111010001,111000110111111010100001,110110100010010001010101,110101001011101100100110,011000001011011011011110,101101101100100011101100,001011011110110101000100,110101011000110010010011,011110011101001001100001,000110101010101010001001,110011111101001110010100,100011010110001001111010,010101000111010111001000,000100111001111101110000,011111100100111000011010,010010000100100111110111,101110101111010110110010,100000101100011101001011,001101110010001111000111,111010110001100101001010,000011110001010000101111
111010010001110101010010,110100110000011110010101,010010001110010111011001,111110100010001001111011,001110110111100110110001,001001001010111110110111,011110101001001110001110,011011010100001011111100,101110011110111000000000,111100100111010101100100,010100001101101011100011,011101010110100100001111,010011100001111100101001,101001100100100111001010,110011111011100011000101,110001111111001100110010,000000110111111001011110,110101000011110010011000,100100011000100101111100,010111101100110000110110,001101111001010001011001,100010010101010010101111,100111000101001101010101,000111010010011111100010
110011101010101000111001,101101110110011000011100,011011010001101110011100,111001100111000111101010,000111111010100011001110,110101011100001011100101,001100110001101001101011,101101101001110110100101,111100001100100010011010,001011110100110010110011,100001011111100100000011,110110110010111111000000,100010000101111001101110,101010101000001101010111,000000011010011110111010,110110110001000100110110,010101000000110101011111,010000100111101010010111,011000011011110001110100,100110000011010011011001,011111001011011000000010,010010111101010100001001,000111101101101101110000,001110000110100100101101
011101011101010101100101,100010111001101100100011,111100001011100011110011,110110100110110101000001,110101101010011110110100,010110010010000110101111,101001110110110010100110,000111100000110001111011,011000100100101110111001,101100111000100111011100,000010011111110100111000,110000110001010000011101,011011000001111111010110,100100000101011111101010,001011101011010010001001,100001001110000101011111,010010111100010011010010,010101111111101001001010,001100010010011100010011,001110100111001001110100,000000011010111011100101,111110001100111000001110,100111010101101010010001,111011010010001001101000
011101010001011100000110,011110110100110001100101,000000011111111111000111,000111000101001010110101,101110001000110110101110,110011110100010110110010,111000001101111100110001,001010100011011111011000,010101010000101111011001,110100100011111010101011,010011001000011001101011,111110011111000010001011,010111101111100100101000,101001100100001100001111,001101101010110010010011,111001000010000111100101,011000111010001010111100,100011010011110000011101,001001000101100011111010,101101010110011001101000,100100111001000101110011,110101101101010011011100,101011111001101011000000,110110000110101001010110
110000111010011001001110,100000011101100011111011,001010110110010011010011,110111011100111010010000,111001100011110011100000,001111001011011000001011,010110010111100101001010,101100110001111100000001,101110111111000010101100,011001010101011110100110,010100000011001011010101,000101111010001110110010,100011101101000101000101,000011110111111000111100,100101000110010110011110,010100101110110000100111,101010001010101101110110,110010100110101110101001,001101100100101011001110,000111011000110111101101,010010101001110110011110,011100101100011101111000,011001011110100100011101,111111110000000000111111
011100000001101101011110,111001000111010100111100,011100110110100110100010,011101010010011011001101,110011010000111101100010,010110011010100001111100,110100111001011010011010,100010110100101110011100,111001011011100111010001,001111010101110010010110,001101111000110100111001,111011110100000001011011,100100010111110101001011,101110001110011101010000,011010001101111011101001,100101101101001001100100,100111000010101010111011,110111001100000110001111,000010100011010111110111,101001101010110011001110,001011111011001100001010,111110100011110000000101,101000011000001000100111,010001101110111000010111
010010010100011111100111,001110101101001100101011,101001110111101110110100,100100101110011011111010,010110010111101010011101,111111010101000001010010,100000001111100101001110,011010111010100011100010,011000011011001101010001,101100000001111011000111,010101000011000110100011,111011001110111010000001,011100001100110100110100,001101010110110001101001,001011001001000011111101,000001111101110010010011,101010010010010110011011,110010100001110101111001,111101111100000111001101,110001011000101000111111,100110111011010000100101,000111011001111111001000,011001100011011000001110,000111100010101101010111
101101001001001000011011,000010101010011001111110,000111111000100101001001,110000111111100000110001,010101011100001110110110,011100100111000101011100,011011100001110110110111,101110101100111110010000,101001110011101100000110,100110110101000010001111,011110000110101001100011,110111010001110001010100,010000111101111111001010,100100000010100111111010,110010001011001111010101,001001010110111010011101,111011110000001011111000,110100000000111100101101,111100111010010011000111,101001001101100011101100,001110011011010110101000,100101100111011011100001,110011001110010100001010,101000010100010101110011
010000011010000111001110,011111111100011010000100,000100111100110111010001,000100010111011001101010,100001101011011110110110,111101000000010011111101,001001110001100010101111,110110101100110000111110,010011010000111101110010,101001001110110001000111,010110000011111110000111,111000001101111110101000,011101101010101000011011,101111100001010101001010,101110011001101011010110,100111011010100010101001,111100110010101101100100,110010100100001011100011,000111001101001101101101,101010110110011100011101,110101010101000100010011,001110000110000110110010,011010111011010001110001,010011100111100011011100
110101111101100010011000,010011001001101010101011,000100110110101011110011,010100010101001100011111,001100101011111101001010,011010111000100110010110,001011011100111001011001,101001000110101110101100,101010100101000011001111,110110101100111000100101,011101011110000001101110,100001110000110101101111,010010110110010110101000,100111001010010010011111,001001101111000100110101,000111011101011111000100,110011000111110001010110,100010111011001001111100,101110010011100100100001,111111100000001101110010,111001110011011010000101,101000011101011010110010,110000001110000111000001,011100000001110011111101
000110001001100111110011,100101101000111100001011,111001101110000011100011,010100101101110010100110,001011000100110011001101,001100100111011101010111,011001010000110100110111,011111110001001010000001,111110100100000100111000,110000110011111111101000,100000111101000110011101,111100011000011011011010,100110011110111000110101,111010000011100000001111,101101011111110100000000,010011000110101110011010,100101010101001001101110,001010111100101101000110,010101111010100001011100,010110011110010101001011,110011001001011101010100,001100001010001110101100,001011111011010000111010,100111110010010110000110
111001101011100001100110,101110110010010111100100,011111110000001000101111,111001011000001111110001,010010100101011011110010,010101100010111110000011,111011110001100110001000,011000010111000100010111,111110001110101110101010,100111001001011100010110,001101011011011011001010,000011011100110111101111,110101111110010000111000,000111000011100101111001,100110111001100010010011,101101100100100011011110,001011101110101010010101,100000100111001110101101,010100111101101101000100,110010010010111001011101,011100001001110010111101,111010101100010101001001,001000111000111100111010,101101010101111000100001
011111000100011110100001,110111010001001001001111,111000100001110110001111,010100000111000111010110,110011100100100111111000,010101101000111101100100,011001010101111001011010,111100011011101110101000,111011001010010100011110,101101100010101011010010,101110001001110001110001,001101111100000101011011,111001010110100001100101,001011101111001011001100,010001111011010010110001,111110111100011010010100,001010110001001100110110,000010010010111111011101,010010101110101000000011,100001001101101110010101,100100100110011000111101,100111110111110100000000,100000011100011111100010,000111011100110010101110
001101110110100111101100,011110000110111101000010,010000110011011100011110,101001001110101000111111,111011001011010110100100,000110101101010100101111,110101010100011010100010,010101001010001111001011,110010111110000111110111,100101101100011101010100,111011110101001100001001,101011000101010011011010,001110111010011010111000,011100011101100110010000,111100011000010001001101,001111010001001101110111,100111111011100001000010,100110010010110110011001,010101100111010001110001,011111100000110010010111,000011011111111011000101,110110000001101011111100,101000101001111111100011,010011011000110101111000
101010101111101001011001,001011101000100111100111,001100010101011101010111,101101111100010010001001,100011010100110111011100,010010111110010100111011,110000011011010111000101,011110001101010011110000,000101011110101010110101,000100110011111011101010,000111001010011110000010,011101100111110100100100,101010110110001010100110,100110100001001110111101,100110111001110000010110,011000111000101110010000,110001100000011001110011,011111110010000001011100,110100001100101101101110,011011011001111000101101,010001101101001010011110,101001011011000100111010,111100000010110010011111,110111010101100110000011
011111001101010000100011,000010101100111010011111,111100001101101110010001,011110110110000100011011,111010101011001000001100,110011010101101100110101,010100100101001101101110,101110010000011110000110,101110000100000011111100,100100011110111000101010,111000110000011001110001,010011001010001111110010,000110111011000111100101,110101000010010110101101,101010000011110101111011,110000010111010011010110,101001111101010110111010,001001010111001011001001,011010100110110110100000,110111110001100011001010,001101100011101010110110,011101011000110101011100,100111100111011101010000,101001101110100101000111
000001110100001100101111,101100010001010001001011,010011010000111101011010,111011001110010101000101,011001010111000110010011,001110000101111110001101,011001001001100000101001,111111101001001100000010,100010111011110110100011,011010101010001011011111,111001110010111010000100,100101011010100111001110,111010010100100000111110,010110110111100001000101,110011000111001011101000,110111111100010010011001,011100111100010111100000,101111100000100111110001,110000011001001111110101,110100001110111000110011,110100100011010100111100,000001101101110011010110,001111011011011000110100,101000111111101101011000
001110000011010000111111,011110011100110101001101,001001000110111111011000,100111101100011000011100,111100101010001101010011,011100110111001011001110,100100011100010011111011,001010111100111000110010,101011110110000110001011,110000100001111110011111,101000111011100101111100,010010011111001110110000,000001101101011101100111,110011001111110001010010,111011001000001011101110,111101000101101000101001,101110100001010111100000,100110000110101101100110,110011110010011001101001,000111010001101101011010,010111100100100011110101,101101011011111010000101,111101010100010100110110,010101101010110110101010
000001011111011111100100,101010110100110110110000,101011101011010010001001,100110000101010000100111,100101101010110001111010,101001010101101011001010,011010101001111001100010,010011001100110001011101,110110111111100100001000,110000110010110111000111,111111010000011101101000,101000101100011100011111,110010011010001010111110,011111100110001010010110,110001000011101100110001,011100001110100110101011,111100001001000111010100,010100110101011011111001,100110100000101111101101,101110011110001001010001,000111011001111110010011,001011110011000101111111,001100010011111000011100,111101111000100000100101
111001100010001111010100,110100110000101001110111,000110001011111111110100,011111001001001100000111,001000110111101101000011,011110010100001111101000,011000011101010011010101,011011100000110110110001,100101000100010111100011,101010110010010010101111,010100111010011110011011,110010101111000101111010,110001011011111010100010,101111011110000000110001,000101110101100110011110,100011010001011100011001,100011101100101011001001,010101100111011000101101,101000001100111100111110,101110100101011010010010,011111000010110001011010,101101111001010101101000,111100000011100110001001,110110111110110100000100
101011010100100000111111,111101100111100100000000,000010000111111101011000,100101000001110011110101,110100011010101110011101,010100001111011000101110,001001110011010110011110,011110010000110101100100,001000011111111010100001,101010101001101001000111,100110110000011100101011,110001110100111011000110,111000101110010101110011,100011001010110110100110,000101111010101001110010,000111111110010001001101,011110101000110010011010,100110011101000111010010,101101001100001111101000,011111000010001011000011,110010110011000011101000,010011101101001110110101,010001011001100101001011,111011011001011000010000
010110100000110110001111,000111001101011110110011,110111110001000011000010,011001111001011010010101,100010111100011011101001,010001110110101010111010,010110111011111100100000,110111101100001100011100,111011000010011000100111,101000100011001101011011,101110011010101010011001,010110010111000001111101,001011011111000110001110,101101100111100110100101,111100010100010110111000,110010000111111111010100,001011100001110001111000,001100101110010001010110,011100001001101011101110,110101001111110001001001,100100010101111000001110,100001011000100101110111,111010101101100000110011,011111010100101101000001
001110110011010101100100,011000111001110001011001,010101000111111111000001,000010110100111011100011,100000101111110010001110,110011101101000111101000,111011110111100000000010,000011000011100100111111,101111101010111000111000,110001110001011010110100,101000010111001001101101,110110010100110100001101,011100110001101110101010,001111011101010010011010,011001100100011101001110,010101111110000000101111,110000011110011101110010,100101110010000111011011,101001011000110110100111,011010101110001110010101,010011011010101011001100,000101111101101101010100,110110001001001001000111,111100000100100011110110
100101111101110101101000,001010101100100111110110,001011110011101100001010,011111011101010110000101,010111011000011001110010,110010101101011100010011,101101111000101100010101,010011101100101001001101,111010010100111010111001,111000011110000101001010,110111000000100111011011,010110001011110000011100,010000110001001111111100,101101000101011011011110,011001100010010101110001,000101111110000010111011,101110110000010001101111,100011001010011110101100,000000011011111011000011,000110110110011111010000,110001110010110010000110,010100000110101100100111,111110101011001011100000,100011010111000001110101
111001110001010110000011,001110010111010100101011,011111010011100010011110,001000101001001011111010,010010101101110010001101,000101110111011010100100,001001011100010100011100,101101000101111001001001,100001100110100110111011,111000001011101110100101,111010000110011011001110,000111001010111110010011,010111010100001111101001,101110110100001010010101,011101101110000001100111,101011111010110011100000,110100111000111100101010,000000010000111001110111,100100011101100111000110,011000110111101101010000,100011111011001101001111,110111100001010101110100,110011011101001000110010,110100011011010011011001
011110011010001001101100,101101110111010100101001,110101100000101001001111,000110001101001100011111,101010100111101000100111,011000010100110101110111,110100101110111100000010,101001011010101110010101,110000101011100100111100,101110110100110010011100,000001111111010011000110,001001111001111000111010,011110101001100111000001,010011101100011110101101,010101000111101010111000,111010000011011010011011,110011110101001101010000,100111001010110001110001,110100111100000010110011,101100100001011111110100,101011001100000111101010,000010110010101111111011,110111010001110110100110,011111100010000100010110
111010010111110010100000,000010100110010110011010,001000011100110001111111,100001111010100110100001,100011101100111011010100,010011110100011100100101,110100110000111100111000,100110011010010011001101,101011000110001101111001,110001011101000110011100,100100100101001010101111,011000111110001011101000,000111011111101000001010,001111101001010111101000,111100001100011110000011,010010011001001111110011,101000110011011101000110,111111101010000000110110,001110110100100110010101,010101000110100111100110,010101110111010001010001,011001000011111010011101,111011110000100011001011,110010101111100101001101
010110000010101111101000,111011101000011101100001,001000001110111110100110,100001111100100001101010,100011001001101011110111,100110101111010010001001,000100100001010101101111,111000010001111000001011,111000001100100111011101,010011110101110110100101,111101100111101000100100,110101011010000110100111,110100011101011101000100,110010100010110001010110,101110111001100100110000,001111010111100101000011,011111001100010000111110,010001101111001100011010,100010010110001100111101,011100110100001011110011,101111110000001110001110,000101111010111001011101,101001010011010111111000,011010111011000001101100
011110111000100010000111,101101110010100101010101,110010001101101100010101,011001110101011100100001,111000101010110110111000,000111011011101110111001,111001001111100011100001,110101100100001010111100,010000011110000111110111,000100100111110000011011,011011000010111000110110,000010110101110011110100,111110010101000101111010,101101001001010110110111,111100011011011011010000,001100001100111001101101,100110100010011111100011,101011010110010010001101,100101011110110100100010,010111101011010101001100,101000111011001000101110,110001010001111111001110,110011111000010001111011,001011101100001111010010
101101100111010000011010,101000100100100110110100,110010000110101001111011,001111101110101000000111,001000110101101101001001,011001110010001111110010,010000111110110011001110,010011010110010110011101,100010101111000111000011,000110110000010101110111,010101101001100110111011,100110011011101100011110,101001011000000011011111,011110001100011011010000,100101011110110101100000,111000101010011100101101,001111000011000011101100,111110110010100010000001,111011000001110101000110,110100010101011010100111,001010011011110010110011,100011110000111010101010,110011111101000000110100,100001100011111011010101
101011100010110000110100,100000111011100010101101,010011000011100111000100,001001010100110001101101,100110000010101101100011,110001000001010100111111,000010011010110101011010,110011101100101100001001,111001011001101011110010,101010110001001101001100,110111110100010011101010,100111011111000000010101,010101110010101000011110,011100110111100100110000,010110111000011111110101,011010100111001011011011,001110001100100110111110,111100101001110001000111,011111001011011000101000,101101101010000111011001,100100000101111011011000,111000010110011110000110,001111110001111110000011,000001101111011101100110
001110000011001011110111,010010110100100110110111,101100000100010101101011,110101011111000000010111,001000111001111101000111,100010001110111111010010,100111100101001111000100,001110011000010110011100,011111111100011000100010,101110110011110010000001,010101010010111011100101,000011011101100011101001,111001001001011110110001,011111101010000111001011,100111100000111000011011,010010010111011100001001,101011010010101100101110,001011100110010001010101,111000110100001011011000,011001000101110010001110,001100101111101100111000,000001110011010111111010,011111010001100101010000,110010101011110001101100
000111001110110101100000,101011101101010000001011,011110100001001101111010,100000111100111101010110,100010000010010111111111,100100001101100010111100,001101010110011010111010,010001100011110001011100,111100011011010001000110,110110110000011000101101,010101101100000111001111,110010010111001111001000,101111101010001011010100,111001011010101100111001,001011010001101011100111,100101100011111110000011,010010001111001000010111,111110000100110011010001,001000101111011011100001,001110110111000100010101,010011111001010110110000,001010001000111110001100,111010100110100010100110,000110111010100011011011
110011000011010100101011,111000100101010111010100,010000011111111010001010,010001111000110000110111,110101100110001001111110,011011100000111011001001,100011011011100011011100,100001110111101101000001,001110000101110000011111,010110011001011101000101,001011101001001100001110,000110100010110111100110,111100101010110000001101,001000010010001110111101,011011001110000111010011,000101111100010110011000,111010011100100101101000,100011001100011010100101,101010110010011000010010,111101010000101110000110,011111110111000010100100,110110101001101110110001,101100111001000011101011,001101001011111001110000
000010101001111010101011,111011000011010011100010,001001111111011000010010,001100000101001111111010,101110001001100010010111,010110011001011001001100,101010010110001000101111,000111010001101101110001,110100101110000001110011,011111100010101000111100,011010011010100101011010,100111001110101011001000,110001011101100010111100,111100011010111110100001,111001101001001101001001,001010101111110101100100,010101000111110100001011,010000110011101011000111,000001001010010111011101,100110110011000110011000,110010100100111100010110,011111111100000110100110,101101110000110001101110,011010110100110011011001
101001011010011101100110,010101101110001100110001,111011001101010010100011,100101000111011010111110,001100011011000110101101,111001001011100001011000,010011010001100100110110,100101111001000011010101,110110010101001001101101,011111010010111011010001,110000110111111110000000,000011011100010111111000,010100101000110011101010,100110100011010101110011,011000110110010001011111,111111100000010100001100,001100001101110101010101,101010100110100011110100,001110111101001000010010,001001100101101111001011,100111011110100100001011,101000110000111000111001,000011101011111000001101,110010001000001110011111
111011000001011111101010,100110011101111001101000,010011001100101110001101,001001011010011101101101,110000111011100111001000,011000101100110001000011,010101101111010010101001,010010011010000011110111,110100011001011100010011,111010110100000100111001,011100000110101111110000,011010101011111000110100,100010100111011111010101,111001001101000001010100,011110010111010100001110,101111001111100100100011,110001110110111000100110,110111000010110001011001,011111110001001001000001,000101100001100101111110,101100101010001010001110,001001010111101010011011,001111111000010110010000,101100010001110010100101
100110011010110111010100,101110101001010101100010,001100111110101001101010,011101011101000101010101,010111110100011011010010,010110111000101100111001,101110000101101110011010,001101000010010110111011,000101101111011100001100,111100110011001010000101,110100000100111101100111,111011100010001101011110,000111100001100001001111,110110010111010000111110,100001101100000010110111,111111001110110000000001,100011010111001111101001,010011001011101110100110,001010011000011000001111,100001110011111100010011,001010100111111001110101,010000101111010111001011,011001110100110110101100,110001001001111011111000
110000111011100101000111,011110000101101110000011,110100011100111000110001,100010101110001011001001,001100110010001010101111,011000001101010111101101,100010100001111010111010,111100010101000011011010,011110101010100101111000,110110000011011000001100,100010010110010110110110,001001111111111010010100,101101001011010100011011,111001000110101001100010,000111010011110011100001,000111011101100000101110,010001110111001100111001,101110110101011101100000,010111100100010001010111,110101100100110110001100,010011011000011111001010,111011111001000010100001,100101001001001111110100,101011010000101101011101
010000110100011111011011,111110000010010011110010,100110101011011100011000,101100001110100101001111,000101100101101110010110,111111111100011001000100,101111010001100110001001,110101100101000000101011,110001111010100110010010,111001001101111111101000,111100010001001101110101,011100101001110010011101,000111001000101001111011,010011100010110101100101,011101010010011100101110,011011001101010100010011,011010100011101001001010,101010101000001110100111,110010010101110000111110,010110011111101010100001,101001110110111000110001,001100111001110101100010,001011111111000011111100,100001011011011011000111
011101100010101110000110,100001000011110111001101,011010100001110110110001,101111010100111100100101,110011101111000000000111,110111101001001101101000,101011001000100010111010,110010011001011110010110,001000011111001110101000,100100001011101001110101,100001110100001111110011,001010111000101101001111,000111111010011010011001,011101001101011011000011,011001010001000000111111,001011100101011001011100,111110000110000111011101,000100101100010100111110,110010000110111001101010,111001111010110101010000,010011011100100011100100,101110110011010011100110,000111010111100101010010,110100110101100010001000
001011011101011010000011,011110001110000101110111,010101010011011011010101,000111101011100000110010,011100010101101000101100,110101001000001110100110,111100101000111001010010,100111100110011000001101,101001000110101010110001,011011111010001011101000,111011100001000010011111,100010001101010011111100,101001010011110101001110,001010110000111100110101,101111110101001101010000,000100111110000110011110,110010011011101100011001,010001100101011101111011,111100110111010110100001,001101101001101111001101,110001111100100001000101,010010100111101111000110,100110010000100011101011,010111000100110110011000
110011111101001100010001,011101100011000000111111,010110110000010101001111,010011001110110100101001,100101101001110101100110,110101010011111001011000,111100011111000111101000,001110101111011001000100,101010110011110011110001,111111111010100010000110,110010100101101011001011,111100000100110110010101,000101110110101111000011,011011010001101111100100,111111010100011001100011,101110110100101100111000,110110000011011110110010,011001101000011111011010,100111001000001011111101,101011000110000101011110,000111011101110010011010,100001110110011010101100,010000011110101001110110,101000011011111100001111
001100111010101110100101,011101000001110111000001,110110110111101001101001,111111010010010000000111,101011100110011111100100,010001111111011101000011,110011101001000010110101,101110101001010101011110,001110001101011010100011,101001110001010010101010,100000000011111010010111,111000011101100111100110,111101101100101000010010,001011011011111001110000,001001010101001100011101,010101000010001011111110,101100011110010011011001,110100010000011100110000,100011011000101111001011,011010100110110100111011,000101110100110001110111,000111110111100110010010,010010111100111010001100,100101001111110100101100
001000101101111010001110,011101111110001011011000,110001011101101001101101,010011110001100111101010,000110101111000010110101,101000110100100011110011,000100110110101100001111,111110000101000111000101,100000011010010111011111,110110001110110001101010,110011101100010100010011,001010011011101101010001,001111000000011001111111,101111110010110001000100,100100111001011101100010,101011001110001110100110,100111010101111110011000,010000100110111111110100,110101000011101010010011,111010110010011010101001,011101011000110110100001,111100101000100100111100,101001100111010101101001,011000010111010000110110
001110101110011000010100,111011011100000100110010,010111110100010011100111,111100110000101101000101,010010101000111110000011,011000001110100011101101,001001100010011101100010,010101011010001011011010,101100111000010010111011,001111010010110100001001,100110001101011101101000,010001111001111000101100,100111101011100001110001,001010110101101001011011,101111100001000110001110,011100001001010101010111,110010000010110001111110,111101000101111010110000,010100110111100100100010,111010111011010011000000,110001100111010100011001,000001111100110111010100,000010010011001110110101,100001011111111000000111
011110011001100101010010,111101010010011111001100,001101101001101001101000,011111100011010010110000,001101111100000110011111,001110010011101010101111,101000010111010001111110,011010001110001100111100,101011111010111000000110,000101000100111100110110,010100101010110001011111,100011001010100111110101,110110110101101010011100,010000111001010100100101,010011011000011011111011,000010100001011111001110,100110001111011100001001,111001100011101100011011,010001001111001011000110,111110100100001001100111,010111110110100101101010,011011000101110001001101,001000110110111111010001,111000001100110110101010
000000110010110111111011,111100011000101101011010,100111000001010101011111,001101101100001011111001,101111101010110110010000,001000011110010011010110,110100110101011110000101,111010000010011000111001,011110101000110001100111,100100100111111001100010,110001111101110000111100,001011110100011100110010,010110100110101101011100,000111011110111000001011,110011110100100011010011,101101010110100101100101,100010001100101110101111,111101110010000010101110,001110010001100010111000,011001000101110111001010,010011011011001111100100,101010111111000101001001,001001100011101000010111,010100001111000100110011
