10000000111111111111,01001111000011111111,00101111111100001111,00011111111111110000,01111000110011000110,01110100101000111100,01110010010101011001,01110001001110100011,10110011100010011010,10111100010010101001,10111001001001010101,10110110000101100110,11011010001110001100,11010101011001001010,11010011110000100101,11011100100100010011,11101001100101101000,11100101010110010100,11101010011000110010,11100110101011000001
10111010000111110010,11001100001011010111,10101011101110000101,11100111010100010011,10001101110101100110,01011110110010100001,00010111100010011110,01100011011011100110,01101110101101001010,11110000100000101111,00001010011100111111,01000001100111111001,00111001111001010011,10100100111010111000,00110100010111001101,01111101001100110100,10010111001001101001,11010010111101010100,11101011010001011100,11011001011110001010
01101111011011000010,11100010101010110011,11000011001110101100,11010101100111010110,11011110110010011000,01110010010101000111,01101001110001111100,10001000111111000101,00110101011010011101,10001111010000110111,00000011111100011010,10100111100101001001,00111110001101110000,01101100101100001111,10111001010110101010,01010101111100100001,01000100010111111011,11011001001001011011,10010100111001101110,00011011100011101111
11001101111000000110,01001010001110110110,00001001010111000101,10101100000011011111,10010000011101101110,10100011011010100011,11111111000110001010,00111011100000101111,01101001101011101000,11100110100101100101,10011100101110100001,11110001001100011101,01010101000001110011,00000111101101011011,00100101110110111100,00111110011001010000,11001010110000111001,01110000110111010011,10010011100011010100,01010110011010001101
10110111000011010100,01111111001100110001,00010101011001001111,00000010001111111010,10101011101101000111,00110001110110010011,10001101111100011100,11010001010101100110,11101001011010001010,11001110010001010011,11010100101111000001,01000011111010100101,10110110111000100010,01011110100110001110,10110010010100001101,01111000111001011100,00101100010111100101,01100111110101001000,11100100100000111111,10011011100011101001
00000001101111110111,00001110110010111110,01101000111100111001,11011000000111101100,01010110011101010100,10011110001001110011,01111101010010110010,11110000011010011111,11100110100110100011,10100011011011111000,11010101101100011010,10110101111000100100,10101101010101001111,01010011110001101011,11101011100001010100,00111010101111001010,00110011000100111101,01001111001010001101,00110100100011011001,10011011110110010001
00101100100010011011,01111011010001010010,01100111100101110101,10111100010111101100,11100011010110011001,00011111101110000000,10111011000000101111,10100001111101111010,01010001100010111100,01110000001111101011,11001001110011100001,11001110001001111000,11100110111010100110,10010101001011010111,01001101011100001111,00001010011110110111,11111000101100010101,11001010100111001110,00010010111001001101,11010110110100110011
10101010110001001101,11001001101101100001,01011011111010110100,01101100001000110111,01110101100011000101,11011000011010001011,10110011001001100110,00010000001111111101,11000010100110010111,10010111101000011001,11110000110100111000,00111110110110100011,01000111010001111011,11100110011111010000,11101111000110101100,10011101010101010110,01011110101101001110,10000100111011101110,00101001100011011010,00100001111100001111
00110111111010010100,11100101110001101101,11101011100100010110,11000111001010011001,10001001111100111000,10010100010100011111,10110010101000101011,10011011000011110101,00000101100110100011,11010000111011010011,01111001010010111010,11000011011111101110,00011101101001001110,01010110100101111000,01001110011000110111,00111111011101000001,10101110110011001010,01011010110110001101,11111100001110100100,00100000001111011101
10000100101110001101,11110100011000111001,01001110010111011000,10111110100100010110,11010000000011010111,00110011110010001011,00011001011010111110,10110101000111100000,01101001000100101111,00011100110001100101,11000111010000100110,01010101111100010011,00100110001011110011,11001011100010110001,11101000111011000010,10000000110101111010,01010010101101101100,01100101100001011100,10011111001001001011,10100011011101010101
00000011111111100110,11101001000011101010,01001000110000111011,00110011100110111001,00011100000111110110,01010111011001111010,01101110101010001100,10111001111000110100,11010101010010100101,10100110010100101110,10001111100000010111,11011010001100100011,10001010011011011001,11000001001110011110,11110010110010010010,00110000101001001111,00101101011110000011,01101011010101010101,11011101110101001000,11100100101101110001
00101110111000000111,11110000110010110101,01000111111011010000,11101010010110010010,01111110100001111010,01010011111100101110,01011010001111000101,11001100101101110110,11101001101010001000,01110101001110100011,11001111000000111101,10010110101100011001,11011001110001000011,10000010011011101011,00000001100111011111,00011100011010011110,11100100010101001100,10011111110111100100,00101001011101111001,10110011001001010110
11010101000101010011,01010000001111111100,11001010100010011111,11011001010000111000,00001101011011101111,01100100110010110010,11011110101011000000,00010011110111001010,10110001111010000111,01111010010001010110,10101000111101011010,01100011101001101011,11000110011100001110,10000010110101100101,00010110111000011001,00011111101100110110,01111101100100001101,01101011011110010001,10111110000110101011,10100111000011011100
00110100011010110110,00010011100111010010,00111110111101101000,01111000100100010101,11011000001110001010,11100101111101000110,11011001010011100000,11110110001001110001,10101001101011011100,00001101001111000101,01000100110011011001,10100010010111101111,10110101100110101001,10011111010000011111,01000011011110111100,10001000111100110011,01101011111010000011,01010001101001101111,11001110100010100110,01101101000101111010
10101111001001111100,00100101111110001101,10110001001111010011,11101001111001000110,11100110011000011011,11100110110111110000,11011101010100100001,11110000000101001101,01110111000010100110,10010010011011100101,11011100101011011000,01001000011110111110,01000011101101101011,01111010101100010101,00111110011101001010,10001110000111000111,01101011010011011001,10010011110100011110,00010100110001110111,10111000100010101011
11000111101000000111,11100001101001011000,00110100111101000100,00101011001100110110,11101110000110001100,01110011001011100101,01110111010010010010,10001101001111010001,10001001110011100110,10100111010001111101,00000010100111011111,10010011011101001010,10110000011010011111,11000010111110110001,01101100011001101011,00011110101010111000,10110101100110101011,11010100000101110110,01011001110100011101,10111010100001010011
11010000111010100100,10101010001111100100,10110011100100110001,10010101001011000011,10000110110011011101,00111010011010010011,10100101011000111110,01110000000111011111,00110011110011101010,11011011011101011000,10001001010110101011,11101000101001001011,01101101010011110001,11001011100010010110,00011100110101110110,01011110000000101101,01000110101110111010,01000011111101000111,00111101101110001100,11110110010100000010
11011010100100001100,10100111111001101000,11101000110011010001,01001101101100001011,00111111000010001001,01100110101110110000,00001010101011011111,01010101011111011100,11110000001111101011,10011101100111110010,01001011010111101010,11101001001010111110,10111010011100010010,01111100110001100110,10001100011110100101,11010110010000111011,11100111000101010111,00110001110100111101,01011011001001110001,11010011111010000111
01100011110001111100,10110011000010110011,11111010001000001101,11101100100010111001,01001101001011010110,10110100111001100111,10011010110011001010,00011111110000010101,00100000010110011111,10001010101100110110,01010110100111100101,10010001101101011001,11110101100100001110,11001001010101101011,00101111101101001011,01010110011000111010,10000111011110101100,11100110010101010000,00111100000101111100,01111001111110100000
11101001101100001101,01011010011101000110,01101011010011100101,01000100001111101011,11110000010000111110,11011111000110110000,10110001001011000010,11001100100011010110,01010101111010001100,10010101110101100111,10010010010111011101,11100110110110000011,00000011100110101110,10000111011000010111,00101101010101011010,10001110111001101000,00110110101101110100,01010011100001011011,00011000111010110011,00111110000000001111
10001111000011010111,00110001001011001111,11000000011111110011,01101100011000100111,01111010010111000100,10110010111100010101,01000111101110000110,00101010001110111010,00011100111011011000,00010111010100101011,10000011011001101100,00100110100011100001,11011010101001001011,11101001110010001001,10011000110010100110,01110011110001110010,10100100110101001110,11110100000010111100,10111101001101100000,01001001100101111101
10100110011110110011,10011101010000010101,00001011110100101001,01111110100010000111,01010111001010011001,11001100100101110001,10011111101111000100,11001001101010110110,11100000111110001101,00110001110011110101,10111001000111001011,10010100110010101010,01001010010111011110,10010010101001011111,00111100001100111100,11110011110100010010,00101101111001011010,11111010011001100000,01010101011101100111,11100111000001101100
11110011000100011100,10001001000110100101,10010101011111010110,11011110010010010011,01000001110101111011,10110011111001100001,01000110101110110000,01110000001011100111,00111101100000110011,10100110100111001011,10001110001001111110,11101001111010001010,00100111011010011101,01101111010101100110,01011101001101001001,11101100111101010101,00011010111100001111,01011011100011010100,11010100110010101100,00111000010111111000
01110100000000110110,01010011110101010010,10001111101000110110,01001101011100001111,00001000010011111010,00111011000110110101,00100001101001011111,11101010000001010011,10110111010001101001,00111100101101100011,10010010001111001110,11100001100110101010,01000110100101111101,11010000111010110001,11011101100011000100,10111000110100011100,01101010111001100100,00100110110010000111,01111110101010011000,10100101011111010000
00011011100101101001,10010011101001010110,10111100010011100100,10111000011100011011,00001110000111011110,00100100101011110011,11101110001100100010,01000101011101111000,00110111001010001000,01110010110000111110,11010110110110000011,11100000101111001101,00001001111110100110,01111101100100010101,10001110111000001101,01011010001010110101,11001001100010111000,01101011010011000011,11010101000000101111,10100011010110110101
01000101011010001111,10001011110110010101,10011110111001001100,00111110001100010011,11011100100011000011,10010101010001110001,01110110110010110000,11010011001111001000,00100100110111001001,01010010010101000111,10110000010010011110,01001000011111110100,11100001111001000010,00101111000011100110,10110000101110100101,00011001110100101010,11000100100100111110,00000010101011111011,11101010010000101001,01111001100001011101
01111000110001011101,10110101000001100001,00111011101010001110,01100011011100101011,00100101100110010111,11111000001110010001,00110110011101010110,11100110101000111100,11010101010110001100,01001111001101000101,01010011100111111000,00011110010010111011,10001001000101111110,01011101111000110010,11101110110011000010,10000011111011010001,01010000001011100111,10011010110100100101,00101100111111101000,10010100101101001011
01001111110011000000,11011100010101001110,10010101000011110011,11000011100100100110,11101111001000011011,00110111110000011100,11111001101001101000,01100100000110111000,01000101101111001101,10101001110110001011,01011001011100110101,11100000111011010110,00111100100010100111,00111011001111000110,01110010100101010011,10011110101110010000,10001010000011111101,00001100111101111010,01010010011010101011,10100110011101100001
10111100111010001010,11001110001011111001,00111110001110100101,00010110100011011111,00001111011001100110,01110111011000011001,10011011110101000001,01111000010011010100,10101011100000111100,10100100010101110011,11000010111110010110,11110011000111101010,11010000011000101111,01011101100100110010,10010101001101011100,00110001101011110001,11100101000010000111,01000101110111101100,01101000101101001111,00001001010110011011
10010110111101001001,11110100100010100101,10000111000111101111,01110010010110101010,00101110011110000101,01001001110100101101,11000011101110010100,00110000100101010111,10111111000000011100,01010101011011011110,10101010101001101110,01100011011001110001,10100001110010011011,10011000010111110000,11101101110101000010,01001110100011011001,11111001001111001001,11001100001100111011,00100101101111111000,00011111101010100011
10001011110001001101,01111101111000000110,11010011001101000011,10000001111010110011,10110010100001110110,11000111001010101100,01010101000001111101,00110010011110011111,00001111010111110110,10111111010000110001,01101001101100111000,10101100001001101011,10110101100111001010,01011010100010101011,11000110110100011010,01100110101011010001,00010110111101101000,11011000011011011000,11100000010111100101,10011100101110010101
01110110001001011001,00010011011111101100,10100010100110111101,01001001101011111011,10011111100011000101,10110101000001101010,01101101010101001101,10101110011011110000,00111010111101100011,10000100011010001111,11101011101000001110,11000100101101100100,11011000010000111101,01110101110010110110,10111000001111010110,11110001001110100001,10011101111100011000,11000011010101010011,01011110000110101010,11110000110011001000
00100000101010011111,01001100011111001011,10010101101110001000,10100000110111100110,10001011111000101011,00110101011001101100,11101110111100010100,11110001001101010011,01011001111010110000,10011000010011011101,00000101110100010111,01110010110110001001,11100111010010011010,11010110001010100111,00101111100011000001,00111110000100111010,00000011001111111100,11101001000110101101,11000100100001111001,01011011100001001110
00011011000001011111,01011001101110011000,01001100110101111101,01110001110011000101,10111010111100001100,10100001010111111010,00101111101011110100,11101010000110010101,10010100001011111101,10011010110010100011,01110111011000111001,00001101011110000111,01100110101111001011,11111100011001010010,01010010101100110110,11101001101000101111,11011111000101100000,11000111110010011110,01111100000010101110,10110101100100010011
01010111101000101110,00100111110001011001,01010001011011110001,10111100001001010100,10001000111000111111,00100110011110100101,10111101010010101000,10011011101111000001,11100001000101101101,01101100101101101000,11001010011011001100,00001111000111111110,01111011110100110100,00110000110111001110,11100010100011110010,11011110010101100011,01101101100011000111,11100101011100010010,01111010001010011011,11010100100110011101
01010100101001011111,11110101010100000110,00010110111101100100,10111010001101011010,01101001110101001001,10100111101010001000,01001010111110011110,10001110100100101111,00100100010011111010,11001110011011000011,01010111000110111001,10110010110010010101,00011001011010101111,00101111001000110101,01111011100011100010,11000011010001111100,11100000001111100101,10000001111100110011,11111100111000111000,10011101100111010100
00111101001100100110,10011111010011110001,10100110100101010111,01100101111011010100,10100011011100001101,00000110110010101110,11001101001001001110,00110011101011001011,01111010010111000110,10010100011110011010,01000011011101110010,00011001110000011111,10101001110101101000,11111010101000111100,11010001100110100101,11101000111010100011,01011110111101000001,00001000001111111101,01110100010001101001,01101111000110011001
00110100110011011010,10100101110001101100,01110001010111100001,11101000011101011000,10010110011110001101,01001010100011001101,10011001100100001011,11000101101111010000,11010010000001110110,11101000111010100111,00100011110100010111,00011011111010111000,00011100101101110101,01110101001000011101,01001111011001000011,01100110101100101010,01001101010110111110,10101110000010110001,11111110110100000100,00111011001111000110
00110101011110110010,01011111101000111001,10011001001111110101,01111001110011011000,01101100010101110011,00110111100101100100,01111000001100001111,11100011000110101000,11111010011001100010,10101111000001011110,01000010101111110110,10010011110101011011,11001101111100000100,11110110010010010101,00101011110010100111,00001110011111001001,01010101010011101111,10100000111001111101,10011100100110101010,11100101101011000011
11010110010001100011,11110111000110000100,11100000010110111010,01010101100011111100,00110010000101011111,11001011100101001010,01000011111100101101,10101101100101100101,01101001011011000111,11001110001111110100,10010001111111010001,10111011001010101001,11111000101000010100,00111100011101001000,10000100101010001111,10001111010000011110,01011101001100110011,01101110110010010001,00011010110110100110,00100111101001110010
11000100110011010011,11011010100101111000,10100011000110100011,10010001011000111110,11111101000000001111,01001011110110001100,01100010001011111101,10010110001111001110,00110111110001100100,01100100101100101010,00101001101101010110,01011111001010110010,11101110011100010100,00111010111000001011,10101101011011101000,01111000010111100110,10011100101110100101,00110101010110011001,00001110010101111111,01010001011101000001
11110001010101011010,10010101001111010101,00101001111111101001,10001011011001001111,11001011001100111000,10110110010100101101,11000000100111101110,11011000011110100011,01100001000010110111,01100110101101010011,11011111100001100001,00001110010011110010,00010101101000101010,01111100001011001100,11100111111010000000,01010010110010011001,00111011100110000110,10111000111001110100,10101100100010011011,01001101110100010100
01110101001011000101,11110010011110010010,11000110101110101001,10110101010100100111,00011111010010011001,11100011000001111011,01010011111000101110,10011011101101001001,10011000001010111111,00101011100110110100,11011101001000110000,11001110010101001100,11001001110010000011,10010110100011010110,00101110111001100011,01111100100100011010,01010000110101110101,10100101111000011101,00000101011111111010,10110000110011101000
00110011010101110110,00001101011110001110,11100001101100101101,01101011111011100000,00111000100111001011,01001111000001011101,00011000111001111101,11001000010111110011,01110110011100010001,10000010110111011000,10010111001011101011,10101110110000101011,01100100101010111110,11011110101101000110,11111001011000011010,11110100010011001100,01010011110010000111,10011101100110110000,10100101111001010011,10101010001010010101
10010111000101110100,10011010111111000010,01001110100110011101,11111001000110100001,11001000011100110110,10100010001011010101,11000111001010101010,10101100100001111010,01111011011001011000,10100101111100001001,01100110010101100011,11110010110010101100,01101101111011100100,11100001100101001110,01010000101111111001,00111011101000100111,00001001010011101111,00110100001110011110,11011100001001001101,11010101110010010011
10111110110110001100,10001111001000011101,01010011110011011100,00011101101010110010,01110100001110110101,11001010100110110011,11010110001111001010,00100011101100101000,11111011101011000001,01101110011001110000,01101101100101000110,11110000111000010110,00000110111011100111,00110111010100010011,00101000011111011011,01111010000000101111,01011100111100001001,11100101010010101011,10110100100001111001,10011001010101100100
11001100101100010101,10100011111011010000,01101000011011001111,00000011101000111111,10000110001111100110,01001011010101110100,01100101100111111010,11011011100001001010,01010110110011101001,00111101111000100010,10101111010100001011,11101010000010110011,00011010111110011010,01110011100110000101,11010101010010011110,00111110000001011100,11110010011100101000,10011001001111111001,10110000110101110111,10101000110010101100
01100111000010100110,10010000010011101111,01011001101000110111,00110011110101111100,00101001011011010001,01111100110001001010,10111100001101100100,10101010111100001111,10110101100110010111,00000100111110111010,11110110011000111001,11000001001101011010,10001110100001110011,11011010010110010010,01110010101111100001,11001101110100100001,10011111101010001000,11101000100010111100,01001110000111011101,11000110111011010100
00101111010001110100,11110101110100010000,11111000001000100111,11100110011010001100,01010011000110100101,10011011011010010010,10100001110011000111,01011111101001000001,10100111101100101010,11001100010111100010,00011001111101101100,00101010110100001011,01000101011000111011,00110100011111100001,10011100100010111001,01110010100011111010,11000010111101110001,10010110000101011111,11101001001111011001,00001100101110010110
11100110000001011011,10001010111001001110,11000000111101100001,10100100101010100111,10010111011010101001,10110000010111111110,01001100001011111100,00011010100100111101,11011011000111000111,10101111011100110100,01110111110001100100,00100001111111011101,00111001001001110011,00010110101111010010,01001101110010110011,01100011101110101010,11010001101000011110,10111101100101001000,11111010111010010000,01111100011100001111
11010010101011101110,11110001010100101101,00110100111001110100,11000010011001011001,00011001011010111011,10101111011010001100,01111110000000111011,10000111100100110111,01011010010100010110,11110101010010010010,01001111110011100001,10011100100111011101,01010101101100001000,10001100010101101010,01100100001111000111,11101000101110110000,01101001100001011110,00100010110110001011,10111011101101000011,00110011000111111000
00000101011011111010,01100010111001101001,01011011101000011011,11111100111010010100,11000101100101111101,10110110100001011010,10110101001110001001,00101011100110111100,00110001101001100110,01011111000011100001,10001000100011001111,11000010101110100010,01100111110010000111,10001111111101000000,10101110001000110111,11101001010101010011,01101110001101001110,00010010011111010101,11010011010000101110,00011100110100101011
00011110010010011101,00100111010110100010,10010000100111100111,01111000011011110110,00011101001101000011,11000100011110001110,01101100100000101111,00001011101110111100,10101000110101011010,11011110000101101000,10110101111001101100,01000110111001110011,01010101100011011010,11100111000101010101,11001001010011101001,11011011110000000110,11111100111110110001,10101110101011000010,10110011001000111011,01110010111111001001
00111011010010100011,11110111100100000110,00100000110100111111,11000110010000011011,01011100110001101101,11001000111110100010,10001011100001110101,01100011111001000011,10111000001001011110,00000110101011101110,01101110001110010101,10101100100111001011,10110101111010010000,10101111011101101000,01010101001101110011,11100001001010101101,10010010011111000101,01110010100111111000,00011011101100001001,01001001010111011110
00110100010111110101,11111110001101000100,01010111101011010001,11110001001000110111,01011000100010001111,11001011110010110100,01000101100100101101,10100001101011101100,10110011110100011001,01100011000111011010,11010101111110000010,00111111100000100010,10001110001110111011,10011101010001011110,01100110111000011110,11010010010001101011,11101100100001010011,00001011111101000111,01101101011010001001,01011000111101111000
11001010010110111100,10011111011100001001,01000101101110001111,11101011000001001111,00011110100001101101,01000110011001111010,10010110010111000110,01110000110101101011,00100111000100110101,11101100001111100001,11001100110000010011,10101100111101011100,10011011101101110010,10000001110011111001,00111101000010111010,11110010101010011001,01011001011011010101,01101111110111000000,00101010111010100111,11110101111000100100
11101110101000110000,01001010011011010110,00110110110010011100,00110001011010110011,00111101001111100100,01100011000101011000,01101100011110001011,01010100100101010111,00001010100011101011,10111000001001011101,10000111001110011101,11110010010110100101,10001001110100111110,01011111000000101111,10100111110001000111,10010110011101101010,11110001101010001010,00011011111100000001,11011101010011010001,01000001111001101101
11001011101100011001,10010111010001010100,00100010111111010111,01001101110100000111,01111011011001001011,11000100011101111010,00010101100111011011,10011000011010111111,10000111001010100011,01110101001000110101,00101111110000111010,10110101101100001110,11111110000110010010,11100100110010001001,11101001000011011110,01011110101011001100,11010010100001100111,10111001111111100000,01010011010110101100,10101110000101101101
10011000110110101110,01101001101100110010,00111111010100000111,11111001110001011000,11100001011110001101,10101110100101101001,00110101000111110100,11001100011101011110,01010101101001100111,11100110010010100010,10000011000000111111,01111010001000101100,00100010111011011110,01001011000111001010,10111000001011010011,00001101011010111001,01001010110111110101,10001111101010000100,10010011011101100000,01010110101110011001
11110001010100101110,01100101011110010100,01011001001101001001,10101011000101010111,01001010001110101110,00110100100111000010,10111111101000011000,11000001100011011010,11001110110101100000,01011111010010000011,00010011100110110001,11100100001000110011,01010010111001010110,00011100010011111101,10010111001011100100,10000101111100001111,00101001111011100010,01100111100001101101,11111000100010000101,10100010011111001001
11010011000011000110,00110010101000011101,00111111000110010011,10000101001101011111,00010100110010100111,10100011110101110100,00011001110101001001,11011000010100111100,10001110100011111001,00101010001111101110,11001011011000100011,01100000010011011011,10111100111001010010,01010001101110110010,01101101100000101110,10110101011010101000,11101000101110000101,11000110110110001010,01110110001101100001,01001111011011010100
11000001010101101011,00111001011001100101,10011000110111011100,01001110000111110101,00100011110010111001,01110101000011001110,10111110100110100010,11010011101001110000,11110010001100001101,00100100101101011011,10000010111011000111,01011110110001001000,01011000101010111011,01010101111110000001,01101011110100010110,11101100011010010000,10011111000000010011,11110100110000110101,10001101101000101100,00010110011100111110
11011101000011001001,11110000101101010111,10011010100000111011,11100011111010110000,01110110110010001110,10101100101010000101,10100100110101101001,01101000001110111011,11001000011001101110,10111011011100001101,00111001100111100110,01111110010001110101,01001010111111000001,11000111000110100111,10011100010110010010,00010101111000100011,00101111001001010010,00010110001111111100,01001101100100011100,00000001010011011111
01011100011111010100,00001011001110111111,10011010101001101100,00110111011100100110,01111010010001110011,10101110111010010010,10101101001001110001,11101110100110100101,00110001100011010101,10100110010111111000,11101111000011001110,01101001111010101000,11110000001100011011,10011001100111100010,01011111100100011000,10011101010010001001,01010110101011101011,00101100110101001111,11000011111101000001,11000101110000111110
00000001111111111100,10101001001100011111,10110000101011000110,10111011110110010000,11010011001110101011,00001111101011110011,00111111001000101100,11100110100101100101,10001110010111001110,01101010011101100010,10110110011001011001,00110101110101001011,01011010100001011111,11100101000011111010,11000111111000010110,01011101001111010100,01101100111010001001,11011001010001100101,00110100010110110111,10011100101100111010
10001001011100101110,11110101001011001010,10111110101110000100,10110000110010111001,10110010011001000111,00101101110101010010,10000011101001011001,00100011000110011111,01111001100001101101,01010100111100011101,01011010111010011010,11101110001000110011,11000000100111110110,11001110010111001001,00011001001111110001,00100110011011111100,01100011111100100000,11010111010000110100,00000101111010100111,00010110100101101010
10111010011101000100,11100100011000111110,00011101011011111000,01110100000101001111,01001011101001101010,01100111101111010000,11100001110111101101,11001111010100011001,10110011000001110011,01111111000010100100,10111101101110001010,01111000101100110001,11010110110011000011,00000111011110100111,11010011001010011101,01010001110100010110,10010110100100111100,10001101101001010101,11001000000111110110,00101010110010011111
01111001001111100100,11100101110010000110,00110111010001010001,10001111101101001101,01001111000110110011,01001100010001101111,00100110001011011110,10111010100010110101,10010001100011111010,11110100000100011111,10111001011010001011,01111110100000001010,01100001111000111001,00100011010100101110,01010010111111000011,11011011011000010110,10101100111101110010,00011100110110011100,11101010010111011000,11010110011010101000
00001110001011111001,10101010010101011010,01000011100101111101,01100100011011001111,01110000111110111000,11111111010000101001,10110101100111001000,11010010000011101110,10111000001101100101,11101100100001110010,10000101011110110110,10011000110010011101,11001011111011000000,00101011100010100110,01011001000111010011,00011001111001101010,00010110110111100011,00110111010001010100,10110011101000010011,01011110101100001110
01100010110111001111,11001001101011101000,10110111001111000001,10000101111100000110,01111001101110010110,11010010101000010011,11001110000110011010,10101111100000011101,10110100100001111010,10101000011100101011,00011010111101011000,01101111010001100010,00011110001010101111,11010011000100101100,01110101011010011001,11011100110110100001,10011001010011010111,10100010011010110100,01000100001101110101,00000011100110110011
00000110011111000111,00101110100110110100,10100100101111101010,10001111100001001101,10010010010100101110,01100010110010001011,11000011101100010010,01111110001100101001,00000111111001111000,00111001110101000010,11101001011011100100,01001001000111111011,11010101110110100001,11100100010101011100,11011110000011010010,10110011000111110001,10011000111110011001,10101100010000110011,01010000101001110111,00110101001010011110
11000000111001101100,11110011111100000001,01001010101000011111,11101100001101000011,10001010110110100010,00011001101101100111,10111111010000001110,00110110100011101001,00001111111101011000,10000101110011010101,01101001111011000010,01100011010101111011,01000111001110100100,01111100110100110100,11010101100110011010,10110010001111010110,01011000010111001101,11011011000001110000,00010100011010110011,10101001001110111001
00101110100011010111,11001010000101001101,00110011010110001101,01110100101111001010,01010111100000111100,10111101011001001110,11100101010111110100,10110010001011111000,01101101001010101001,11110110010000010011,01011000011011110111,01101011111101010000,11000110111010000100,00001110010110111010,11111011100110100010,10011101001110010001,10100000101100111111,00000111001101100011,11000001110011011011,10011100110101100001
11001100111001101001,11110011111000000001,10111010000001111101,11101001101110101100,01001111000011000101,00101110011010110000,11110100001010011011,01011010011100001110,00010001011111111001,10011111101101010010,00110100101001100111,01010101110000111100,10011100110110000101,01000010100110110011,11100100010101010100,00101001110100011011,11111001010011100010,10000010111011011110,10000111010100101111,00110110100111001000
11011010011001010111,00110001011110011110,00101111000011011110,10111111010110000001,01011001000100111011,01000101110010010101,00101000110111100111,01010111100101000110,01001010111111101000,10011100010101111100,11100110010100110010,00101110101100011101,11110000100111011000,00011100101010110010,11101001101000100100,10000011001111110101,10000101111001001011,10010010100010101111,00110011110001110001,01110100001011101101
10101110100101110010,01100001101100110100,11001101000010011110,11101000111001101110,11000100110110101001,01111110001011111000,00001011000101101101,10101011111110001000,01111011010000100011,00111100110000011101,01011000110111010010,11100010010011010101,11011010101000000101,00010111110011100100,00100100001111000111,10010010011100111110,01000111111001011011,10011101011001110001,11110101000101001000,10110001100011111011
10011010010010110101,10000111101111001101,10011001010101001010,00110101111001110100,01011111100000011001,00101111110011100010,01000100010111111001,11000001111010010011,11010010101011101010,11110110110100010110,11100011011000101100,00110011001110011010,11101000100011011100,01011100011010001110,01111010111101000001,00101000100100101111,01001011001101110110,11111101001110100000,01110001000011000111,10101110001001011011
01001011101001010111,01000101110011101011,10010000101010111001,01100101001100111101,01110011110110010000,11110000000001110110,11011111000010001100,10001010010100111011,11111001001101000011,01010110101100100010,10110111110001100001,10000111001111011010,01101010001011101000,11000000111101001100,10101001101110100110,11100110011010000111,11101100100111010001,00011100011111110101,00110010100111001111,00111100111000011010
10001110000001110111,11111000100010100110,10000001001111011111,00111011010110101101,11010011010001101010,01110111101001000101,01001100110011001011,00100010111010110011,00010101100011111000,11010100011000111101,10011110101100001011,00001101111100100110,10100111110000011100,00111000011001011010,11011001110101010001,10100100011111100000,01010110010110010110,01100101000100111011,11001111001010010000,01001010101101111100
10100001011011110011,01111111011000000011,10010010100010000111,11001011110110010010,00110111000100110110,11110100110100011001,01001101000010111111,01010000011110001110,00101000110100101111,00011110111110110001,00011001101101011011,00111101110011000100,10111011001110101000,11000101101100000101,11111000101000110100,11011100000101100010,01010011110001101101,10001110011001011100,01101010000111010101,01100110101011101010
01101010111000010000,10101001110101100001,00101111000100010111,01011001010110111000,11110001001100001010,10000010001101111100,01100110011110100101,01001000010001001111,01010101101001110101,00011000101110000110,00110110110101101010,11111010000011110011,10110000110010011101,11011110100100001001,11000101110111010010,10011100011000110011,00000011101010101011,10011111011011000100,11101100100010101110,00101100001111011001
01001100010110011011,00111011011011001010,10111101010100101001,01100001001101101111,00011000111101111100,10100011111100010001,00000111110011100101,01111001100011110001,10010101000111010110,11100010010001111100,00111010100100000111,01110110011101000000,11001011001110100100,01101101111000110110,00100110101110111010,01010111001000011101,10101100101011001101,11001111100101001010,10001110001001110011,11010000111010101011
11001011110011100110,01110010100110110101,00100101010111000011,10110011110001011101,11110100011011110000,01010111010100111010,01010001101101010110,00111011101010111010,10110000000101101110,01011000011010001111,10000100100010111111,01101110000001011110,10001010011100010011,10011110100111001000,01000010101001101011,11001001000111111001,11100111001110001100,00101100111100101100,00011111001001100101,11111101100000000011
01100001101001111100,01011111001000010001,10100101001011010010,01101000001110101011,11111100111100000100,11010010101111001000,01010100100010110111,11001101100111100001,10100111100100001111,11110110010001101001,00111110100101110010,01001110010111011100,11000011010100110010,10101010111010110101,10011001000010111100,11001000110001011011,01111011110011000110,00110001110110011001,00010001011101100111,00001111111010101010
01110101100101110010,00111100010010010101,01011100101100101001,00001000110110111110,10100110111101011100,10100101101010001011,10001111011101110011,11011001111111000000,00111011101000111000,11011110000011011010,01000010101011110101,10111000001001100110,11010111110000100100,11101001000100111101,01101111001110000110,11110010011110110011,01010001011000011111,01101010110001001011,00010011000111101101,01100101011011101000
10010001110110111000,01010011101101100001,00101011001101011010,01001000110111001101,10000101001011101101,10011110100001001011,11000010010001110110,01011110011110100010,00011100101001110100,00111001010011100111,01100111100011010000,11011101000100010101,01110100011001011001,00110010000110111101,10101110110101100001,11111011111000001100,10110000101111000110,11101000101010110011,00000111111000010111,01100101100100101110
11111001000110010010,00011010011111110001,10110011001001100110,01000010001010011111,11010001110010101001,01001101100001110011,01110110111100000010,10011111101100000101,00100101101110111100,01011111010001011100,00111000110000011111,10000011110101011010,11110110000101111001,01101001001101001001,11001100011100101110,10011100101011001010,10101111010010101011,11100100111011010101,00010101010111000111,01101010100111100100
00000110110010101011,01111111000010001000,11010100100110111100,00101101101100110010,11110010100001100001,00010111110111010000,01101100010111100101,11100110011100011001,10100001001111101000,10111001110100001111,01010101001101001011,11011001011010110011,00110010010001111110,00111000101011011101,01001011111100101100,11100101111011000110,10011110001110000110,11001010100111011010,10001111000001111101,01100011000110010111
01001110101000000111,01100011011000101100,00110100000100111111,11001010000010111010,10110010110011001111,11111001101010110100,11100001101101011010,00001000111111101110,11111100011100001010,10001101011011011101,00101111100110001000,01011101100001101001,11000001010110100011,10010111111000110010,10101010110101110001,00111011001011100011,11010110001111100100,01011011010101010110,01100100110011110010,01010010111110011001
01000011110011011001,10011010111110000010,10001100101011100011,00010001011110110101,11010000000111111010,11100101111100110000,01111100100110010001,00110111001111000010,10100110010110101101,11001010001101010101,01110000111001001111,11011101010011000100,00111010010001110011,10010111100000010111,10111001100101101001,10101001001010011110,01101011100110100110,01011110001000101000,00001100110101011100,01001101010100001011
01011000110100011101,01110001100011101011,01110111010100110000,11100011100110011100,01101000001101101100,11000000011011111000,11111100000011010110,01101101001010010001,00001111110011100100,01011010101110110010,11000110111101000011,00101010010111011011,10010011001101110101,10001101100101111010,11011011011000001010,10111001111111000000,10111110000110101001,10100000111000110111,00110110101001011000,00010101011110001110
01101110001100010011,01110001100001010111,00101111101011100100,01010010011110110100,10110100001101111001,10111001111100000010,01100001011010101011,11110110110010000001,00000101100110110010,00011100110000101111,10000010111001110011,11011100011011010010,11001001101110011101,10100111010000011100,11001101010101100101,11011011000000101010,01010111111101001010,00011011010111011001,10100010000111001110,01101000110101111000
11001111000000100111,00010100111010110111,11000000011111100110,00111010011100101011,10010111001011111010,00101100010011111100,01011010100110111100,10111001010110010010,10001000101101011111,00100011100111100111,11101110101011000010,10011111111101000100,01110100000101001110,01011001110011001011,10110010010010001101,11100101101110101001,01111001001011010101,01000110010111010001,11110000110001110001,01100011111000011110
10000111111001111001,01111010110000110001,11010110111010010110,00011111010111100100,11010100010100101111,00101100111110101010,01100101001100110100,01011000101011101101,11101111000010000011,11001001011110011000,01000010000111111010,00001010011101010111,11100001110111100111,10110100001111010001,01011101100101010011,01110011011001001010,10011011101100100010,10111001000001111110,11101110100101001100,00110011100110011101
01011011010000010110,10010110011110011101,10110101111001000110,11001010111101100001,01110001101110000101,01100011001101011010,11111010001010101010,00010001010111101011,00101100011100110011,01001101111010111000,00111110100101101100,10011001100100011011,11000101000100101110,11010100100111010010,10100011100010110110,01100110110000001011,11101000010011011101,10101111010110000000,11110111000001110001,00001111001011000111
01100001111111100010,10001101010110101110,10010011000001110111,10100111001101111000,01010111110100011010,00101110110011110101,01001010001100111111,11000011011010001101,11001001100011011000,10101001111100010011,00011101101101001101,11110100101000110100,11100100000001001011,11111010010101000100,00111111001010000010,10110010100110101001,11011100011111110001,01111001010000111001,00110000011111011110,10011010111001101010
11010010111111011000,10101010010100111001,10000001111110110111,01100110101101100010,11001100110011100001,01011000011101000111,10001100100101011110,00111001000111110000,01000011010011101110,11110101010000010010,11111001101000101100,10101111011011000100,10110000001011101011,00011110111010101010,00101001111001011011,00110101110110001101,10011011100101000011,01001101001110001011,00010111001001111101,01111010100010010111
11000101110010010100,10111001010110100001,01111111110000001010,10110110010011010011,01011100101111000001,01100110110100100101,11010100011000101011,11011010000100010110,10101110101010110010,10101101101101001111,00001000110011111111,11101010011011001100,00010011001010100111,00110000111110011110,01100101000111111010,10010110100111101100,00111101011001110100,00001111011100011001,10000011111101100010,11110011101001111001
11001001110011000011,01011111000010110101,00010111101101000010,11001100101001101100,10001010111100110001,10110100111010011000,00111001011100001101,11010010010111101001,11111100000101010011,10110001100001110101,10101011000111011100,01000000101110011111,11100110110100000100,10000101010100111110,11100011001000101011,00100110011011100111,11010010011001010110,01100001011111110000,01111010110001111010,10111000101110100110
01111011001101100011,10111101110100001110,11011100010001010111,01101111000010011010,10100000000111011011,01110011010111110100,00001110011110100111,00011001100010110111,00000111110001111010,11100101101011100100,10111010111010010000,01010010101011001110,11001010100100111100,10001011010011001101,01100001111100011101,11010111100110000001,10110110001000111101,11010001011010101010,00011101001111011000,01111100110011101001
