00110111101,01101111110,00111000111,00011101010,11100101101,10101001100,10001110101,01111011001,10100011011,11110110000,11010011110

00110111101,01101111110,00111000111,00011101010,11100101101,10101001100,10001110101,01111011001,10100011011,11110110000,11010011110

00110111101,01101111110,00111000111,00011101010,11100101101,10101001100,10001110101,01111011001,10100011011,11110110000,11010011110

00110111101,01101111110,00111000111,00011101010,11100101101,10101001100,10001110101,01111011001,10100011011,11110110000,11010011110

00110111101,01101111110,00111000111,00011101010,11100101101,10101001100,10001110101,01111011001,10100011011,11110110000,11010011110

00110111101,01101111110,00111000111,00011101010,11100101101,10101001100,10001110101,01111011001,10100011011,11110110000,11010011110

00110111101,01101111110,00111000111,00011101010,11100101101,10101001100,10001110101,01111011001,10100011011,11110110000,11010011110

00110111101,01101111110,00111000111,00011101010,11100101101,10101001100,10001110101,01111011001,10100011011,11110110000,11010011110

00110111101,01101111110,00111000111,00011101010,11100101101,10101001100,10001110101,01111011001,10100011011,11110110000,11010011110

00110111101,01101111110,00111000111,00011101010,11100101101,10101001100,10001110101,01111011001,10100011011,11110110000,11010011110

00110111101,01101111110,00111000111,00011101010,11100101101,10101001100,10001110101,01111011001,10100011011,11110110000,11010011110

00110111101,01101111110,00111000111,00011101010,11100101101,10101001100,10001110101,01111011001,10100011011,11110110000,11010011110

00110111101,01101111110,00111000111,00011101010,11100101101,10101001100,10001110101,01111011001,10100011011,11110110000,11010011110

00110111101,01101111110,00111000111,00011101010,11100101101,10101001100,10001110101,01111011001,10100011011,11110110000,11010011110

00110111101,01101111110,00111000111,00011101010,11100101101,10101001100,10001110101,01111011001,10100011011,11110110000,11010011110

