00110010111,01110101010,01011001101,10100101100,01101110101,11111100110,10011111011,11000100111,11101001011,11000011110,11110010001

00110010111,01110101010,01011001101,10100101100,01101110101,11111100110,10011111011,11000100111,11101001011,11000011110,11110010001

00110010111,01110101010,01011001101,10100101100,01101110101,11111100110,10011111011,11000100111,11101001011,11000011110,11110010001

00110010111,01110101010,01011001101,10100101100,01101110101,11111100110,10011111011,11000100111,11101001011,11000011110,11110010001

00110010111,01110101010,01011001101,10100101100,01101110101,11111100110,10011111011,11000100111,11101001011,11000011110,11110010001

00110010111,01110101010,01011001101,10100101100,01101110101,11111100110,10011111011,11000100111,11101001011,11000011110,11110010001

00110010111,01110101010,01011001101,10100101100,01101110101,11111100110,10011111011,11000100111,11101001011,11000011110,11110010001

00110010111,01110101010,01011001101,10100101100,01101110101,11111100110,10011111011,11000100111,11101001011,11000011110,11110010001

00110010111,01110101010,01011001101,10100101100,01101110101,11111100110,10011111011,11000100111,11101001011,11000011110,11110010001

00110010111,01110101010,01011001101,10100101100,01101110101,11111100110,10011111011,11000100111,11101001011,11000011110,11110010001

00110010111,01110101010,01011001101,10100101100,01101110101,11111100110,10011111011,11000100111,11101001011,11000011110,11110010001

00110010111,01110101010,01011001101,10100101100,01101110101,11111100110,10011111011,11000100111,11101001011,11000011110,11110010001

00110010111,01110101010,01011001101,10100101100,01101110101,11111100110,10011111011,11000100111,11101001011,11000011110,11110010001

00110010111,01110101010,01011001101,10100101100,01101110101,11111100110,10011111011,11000100111,11101001011,11000011110,11110010001

00110010111,01110101010,01011001101,10100101100,01101110101,11111100110,10011111011,11000100111,11101001011,11000011110,11110010001

