01101001101,00111110010,01011101100,10100101100,00000111111,10011000111,11110011111,11000101011,10011011001,11001010110,11010110101

01101001101,00111110010,01011001110,10100101100,00000111111,10011000111,11110011111,11000101011,10011011001,11001010110,11010110101

01101001101,00111110010,01011001100,10100101100,00000111111,10011000111,11110011111,11000101011,10011011001,11001010110,11010110101

01101001101,00111110010,01011001100,10100101100,00000111111,10011000111,11110011111,11000101011,10011011001,11001010110,11010110101

01101001101,00111110010,01011001100,10100101100,00000111111,10011000111,11110011111,11000101011,10011011001,11001010110,11010110101

01101001101,00111110010,01011001100,10100101100,00000111111,10011000111,11110011111,11000101011,10011011001,11001010110,11010110101

01101001101,00111110010,01011001100,10100101100,00000111111,10011000111,11110011111,11000101011,10011011001,11001010110,11010110101

01101001101,00111110010,01011001100,10100101100,00000111111,10011000111,11110011111,11000101011,10011011001,11001010110,11010110101

01101001101,00111110010,01011001100,10100101100,00000111111,10011000111,11110011111,11000101011,10011011001,11001010110,11010110101

01101001101,00111110010,01011001100,10100101100,00000111111,10011000111,11110011111,11000101011,10011011001,11001010110,11010110101

01101001101,00111110010,01011001100,10100101100,00000111111,10011000111,11110011111,11000101011,10011011001,11001010110,11010110101

01101001101,00111110010,01011001100,10100101100,00000111111,10011000111,11110011111,11000101011,10011011001,11001010110,11010110101

01101001101,00111110010,01011001100,10100101100,00000111111,10011000111,11110011111,11000101011,10011011001,11001010110,11010110101

01101001101,00111110010,01011001100,10100101100,00000111111,10011000111,11110011111,11000101011,10011011001,11001010110,11010110101

01101001101,00111110010,01011001100,10100101100,00000111111,10011000111,11110011111,11000101011,10011011001,11001010110,11010110101

