11110101101,00110110111,01010111000,00101101110,10011001111,10111000110,01110001011,11001100011,10101111001,11000011110,01101010101

11110101101,00110110111,01010111000,00101101110,10011001111,10111000110,01110001011,11001100011,10101111001,11000011110,01101010101

11110101101,00110110111,01010111000,00101101110,10011001111,10111000110,01110001011,11001100011,10101111001,11000011110,01101010101

11110101101,00110110111,01010111000,00101101110,10011001111,10111000110,01110001011,11001100011,10101111001,11000011110,01101010101

11110101101,00110110111,01010111000,00101101110,10011001111,10111000110,01110001011,11001100011,10101111001,11000011110,01101010101

11110101101,00110110111,01010111000,00101101110,10011001111,10111000110,01110001011,11001100011,10101111001,11000011110,01101010101

11110101101,00110110111,01010111000,00101101110,10011001111,10111000110,01110001011,11001100011,10101111001,11000011110,01101010101

11110101101,00110110111,01010111000,00101101110,10011001111,10111000110,01110001011,11001100011,10101111001,11000011110,01101010101

11110101101,00110110111,01010111000,00101101110,10011001111,10111000110,01110001011,11001100011,10101111001,11000011110,01101010101

11110101101,00110110111,01010111000,00101101110,10011001111,10111000110,01110001011,11001100011,10101111001,11000011110,01101010101

11110101101,00110110111,01010111000,00101101110,10011001111,10111000110,01110001011,11001100011,10101111001,11000011110,01101010101

11110101101,00110110111,01010111000,00101101110,10011001111,10111000110,01110001011,11001100011,10101111001,11000011110,01101010101

11110101101,00110110111,01010111000,00101101110,10011001111,10111000110,01110001011,11001100011,10101111001,11000011110,01101010101

11110101101,00110110111,01010111000,00101101110,10011001111,10111000110,01110001011,11001100011,10101111001,11000011110,01101010101

11110101101,00110110111,01010111000,00101101110,10011001111,10111000110,01110001011,11001100011,10101111001,11000011110,01101010101

