10001111100,11100101111,10110010111,11011101101,01110011101,00111101100,01001110111,01010110110,00010111011,11111001010,11110110001

10001111100,11100101111,10110010111,11011101101,01110011101,00111101100,01001110111,01010110110,00010111011,11111001010,11110110001

10001111100,11100101111,10110010111,11011101101,01110011101,00111101100,01001110111,01010110110,00010111011,11111001010,11110110001

10001111100,11100101111,10110010111,11011101101,01110011101,00111101100,01001110111,01010110110,00010111011,11111001010,11110110001

10001111100,11100101111,10110010111,11011101101,01110011101,00111101100,01001110111,01010110110,00010111011,11111001010,11110110001

10001111100,11100101111,10110010111,11011101101,01110011101,00111101100,01001110111,01010110110,00010111011,11111001010,11110110001

10001111100,11100101111,10110010111,11011101101,01110011101,00111101100,01001110111,01010110110,00010111011,11111001010,11110110001

10001111100,11100101111,10110010111,11011101101,01110011101,00111101100,01001110111,01010110110,00010111011,11111001010,11110110001

10001111100,11100101111,10110010111,11011101101,01110011101,00111101100,01001110111,01010110110,00010111011,11111001010,11110110001

10001111100,11100101111,10110010111,11011101101,01110011101,00111101100,01001110111,01010110110,00010111011,11111001010,11110110001

10001111100,11100101111,10110010111,11011101101,01110011101,00111101100,01001110111,01010110110,00010111011,11111001010,11110110001

10001111100,11100101111,10110010111,11011101101,01110011101,00111101100,01001110111,01010110110,00010111011,11111001010,11110110001

10001111100,11100101111,10110010111,11011101101,01110011101,00111101100,01001110111,01010110110,00010111011,11111001010,11110110001

10001111100,11100101111,10110010111,11011101101,01110011101,00111101100,01001110111,01010110110,00010111011,11111001010,11110110001

10001111100,11100101111,10110010111,11011101101,01110011101,00111101100,01001110111,01010110110,00010111011,11111001010,11110110001

