10110011111,01110111011,10100110100,11010101101,01111010101,00111101100,00001110111,11110100110,11101001011,11011011010,10111100001

10110011111,01110111011,10100110100,11010101101,01111010101,00111101100,00001110111,11110100110,11101001011,11011011010,10111100001

10110011111,01110111011,10100110100,11010101101,01111010101,00111101100,00001110111,11110100110,11101001011,11011011010,10111100001

10110011111,01110111011,10100110100,11010101101,01111010101,00111101100,00001110111,11110100110,11101001011,11011011010,10111100001

10110011111,01110111011,10100110100,11010101101,01111010101,00111101100,00001110111,11110100110,11101001011,11011011010,10111100001

10110011111,01110111011,10100110100,11010101101,01111010101,00111101100,00001110111,11110100110,11101001011,11011011010,10111100001

10110011111,01110111011,10100110100,11010101101,01111010101,00111101100,00001110111,11110100110,11101001011,11011011010,10111100001

10110011111,01110111011,10100110100,11010101101,01111010101,00111101100,00001110111,11110100110,11101001011,11011011010,10111100001

10110011111,01110111011,10100110100,11010101101,01111010101,00111101100,00001110111,11110100110,11101001011,11011011010,10111100001

10110011111,01110111011,10100110100,11010101101,01111010101,00111101100,00001110111,11110100110,11101001011,11011011010,10111100001

10110011111,01110111011,10100110100,11010101101,01111010101,00111101100,00001110111,11110100110,11101001011,11011011010,10111100001

10110011111,01110111011,10100110100,11010101101,01111010101,00111101100,00001110111,11110100110,11101001011,11011011010,10111100001

10110011111,01110111011,10100110100,11010101101,01111010101,00111101100,00001110111,11110100110,11101001011,11011011010,10111100001

10110011111,01110111011,10100110100,11010101101,01111010101,00111101100,00001110111,11110100110,11101001011,11011011010,10111100001

10110011111,01110111011,10100110100,11010101101,01111010101,00111101100,00001110111,11110100110,11101001011,11011011010,10111100001

